,TP9,AF7,AF8,TP10
0,-7.490309907293129,-11.915572366646714,-13.491702778530401,-5.969741828212143
1,-8.172694987028573,-12.422464215100186,-13.885090937105394,-6.327800684553173
2,-8.614681315878903,-12.934915770590903,-14.283902388006178,-6.577377262063629
3,-9.047746624011626,-13.421920893022884,-14.71184876069923,-6.7957058368074525
4,-9.741678772960947,-13.87191854827734,-15.185878030372002,-7.095173747283775
5,-10.544559034518084,-14.298737496517187,-15.704168924910531,-7.472681843973442
6,-11.251574310706308,-14.723354039710413,-16.24514923289397,-7.897103705088247
7,-11.846781185746325,-15.147252033659795,-16.79631713751424,-8.328893196013116
8,-12.357486048240215,-15.559399461176287,-17.36465872597537,-8.724484330879282
9,-12.926697927628462,-15.925264045955444,-17.93216288598943,-9.123372750975678
10,-13.662539808616453,-16.227952587010964,-18.445162799856767,-9.564914915544227
11,-14.272456424915056,-16.47983706610658,-18.86716766931404,-9.939924088210963
12,-14.468839708088092,-16.725405076282467,-19.209067582967165,-10.151509288372013
13,-14.486405281063796,-16.973958076629234,-19.511394374020536,-10.30066873013947
14,-14.623220503902564,-17.188397068075723,-19.802040999861315,-10.507065358871262
15,-14.832004576034429,-17.367861136409672,-20.110240512961596,-10.76002926445728
16,-14.996146248907849,-17.58399269845077,-20.443843153981515,-11.008893139419099
17,-15.005362880759687,-17.905316016871613,-20.795775176647496,-11.172851292255062
18,-14.788028431907698,-18.31752690283472,-21.136588091293927,-11.185243805027751
19,-14.604835421165841,-18.737367356019387,-21.39668435582905,-11.133475593873163
20,-14.70089110690104,-19.08696709268511,-21.51419039049019,-11.118666132843297
21,-14.762294413555365,-19.346702367080866,-21.487138035092126,-11.050098686540126
22,-14.451832434758693,-19.540197902500218,-21.343546777780112,-10.827473946632754
23,-13.978683674314595,-19.717113823352772,-21.11785672913444,-10.53342153487667
24,-13.63581151945879,-19.930359129418818,-20.84533313167539,-10.261465634890957
25,-13.480162545988923,-20.18997008064095,-20.5445072352551,-9.996517750714691
26,-13.490191242403688,-20.483795347967675,-20.222032529544556,-9.704790615259514
27,-13.477375795491666,-20.805212803034717,-19.87309148232252,-9.316181526475455
28,-13.262096704473649,-21.140593743857828,-19.497813651376024,-8.806428174903411
29,-13.076747046031802,-21.468073664132366,-19.13596754498561,-8.394827537416285
30,-13.185181932442882,-21.765294925446856,-18.81802569791912,-8.299128224939741
31,-13.39052781733703,-22.006556450528887,-18.542640821497844,-8.430410398992747
32,-13.46261344974788,-22.170037829537176,-18.27248121134232,-8.635926717898968
33,-13.527548088413061,-22.25231182467777,-17.992562349087585,-8.90587768842227
34,-13.745977425842426,-22.25339473253995,-17.699194705780325,-9.255545315270966
35,-14.161756003029684,-22.156062980704604,-17.42534614451983,-9.723240780991734
36,-14.753021292119952,-21.947207965498304,-17.206104589755178,-10.33342805363525
37,-15.244745627795917,-21.63795286858747,-17.031440597174523,-10.941528171358728
38,-15.40153738471127,-21.24734395401894,-16.87506148291908,-11.406736619923771
39,-15.52422210261175,-20.79437537588048,-16.713689699514745,-11.82258209597565
40,-15.959714014130117,-20.295979573879922,-16.53326561142776,-12.320293740091747
41,-16.542844734458896,-19.752581174125087,-16.35101049105272,-12.88344177354649
42,-17.03728697941711,-19.164062964610498,-16.189836087604537,-13.465884361435473
43,-17.46777667664168,-18.55362210357259,-16.07926294191229,-14.053017462030676
44,-17.90657202612723,-17.944101117880994,-16.015691901979903,-14.625532421074547
45,-18.487745674958763,-17.33544292930489,-15.986227152719698,-15.189007122107698
46,-19.304672119638806,-16.716076945370794,-15.966267723633475,-15.755928300765737
47,-20.07286402278959,-16.069076277851384,-15.942042736716829,-16.271503327043803
48,-20.50140165281091,-15.371090160520517,-15.89845724175122,-16.689162214273345
49,-20.811122668525154,-14.599824272162246,-15.801407855587783,-17.09413104939209
50,-21.26783017912726,-13.737199801025907,-15.623298393113565,-17.559074668457104
51,-21.714090232501526,-12.763841261565057,-15.362797188076193,-17.975843277222538
52,-21.944625746136246,-11.67395276140709,-15.035591483672542,-18.224509503264837
53,-21.93635652432639,-10.49685348259477,-14.672626103355208,-18.316306859260553
54,-21.723207963855224,-9.269581892972976,-14.303954999258751,-18.310604911421123
55,-21.499600509736464,-8.003727005219814,-13.937978260265071,-18.304683471673737
56,-21.431915656585435,-6.706563148279072,-13.56407096017059,-18.385549466389232
57,-21.25720018918065,-5.401502644665336,-13.159785183499991,-18.496135815296157
58,-20.700293550173168,-4.1092302172099044,-12.699151966268863,-18.557030810490033
59,-19.989548374339332,-2.8334492264554227,-12.14955389925505,-18.634042240368917
60,-19.428517386237,-1.604989953140117,-11.540586038754896,-18.801667306756478
61,-18.940308796532726,-0.4994683012768866,-11.011525415755443,-18.948989410614505
62,-18.414752277422153,0.4496792844777183,-10.650840580283129,-18.97078420960665
63,-17.782037914145377,1.2717402360459513,-10.448554742838652,-18.791995759825994
64,-17.022142917684896,2.0324732659927953,-10.323843595689267,-18.41492162621462
65,-16.42592007183085,2.801750681438872,-10.195707930125685,-18.086097558125815
66,-16.25725445450342,3.608339224313952,-10.013554573441233,-18.030703950004455
67,-16.208183792856968,4.410642236414573,-9.784064957647418,-18.08833109866859
68,-15.515349613316634,5.117674235543055,-9.449119628312312,-17.90780864299339
69,-14.729008352103463,5.783682691617879,-9.100861138115913,-17.65775411811759
70,-14.083471393024565,6.423125299726789,-8.728162410870567,-17.431828661241
71,-13.561819096864724,7.040364330512025,-8.35810394307806,-17.257940093738203
72,-13.072388208558571,7.615504904270837,-8.026609869441467,-17.139574788001653
73,-12.452500283216304,8.146404732487357,-7.739980413998958,-17.01487482933123
74,-11.566051561001826,8.633985938315158,-7.487524187582529,-16.813645796479754
75,-10.67082345080357,9.088002379211993,-7.247875428738758,-16.613374340946855
76,-10.0774134741818,9.525829207752762,-6.996837203369484,-16.51438225417027
77,-9.575705820494193,9.968380387710447,-6.726908573208747,-16.448915717175556
78,-8.865173807503723,10.430546807927234,-6.443823907635292,-16.31984972041077
79,-8.069803457164223,10.908205085383566,-6.159917233452891,-16.156069478830293
80,-7.394725454345325,11.387859327805675,-5.888095068179647,-16.00800112926313
81,-6.8776169866968235,11.856862273275096,-5.635706295699354,-15.873816112739261
82,-6.498978970339769,12.306114069530002,-5.398939514422424,-15.740540404580893
83,-6.070248732805088,12.738187845354997,-5.151281734956356,-15.559508519229972
84,-5.39467970550648,13.156425496185088,-4.8685808287747445,-15.286291315431054
85,-4.680082679736641,13.559824804056431,-4.554167117766238,-14.999704631457963
86,-4.196304272717176,13.939245250064605,-4.229760321153694,-14.791374511556613
87,-3.7633768394355207,14.247162253592567,-3.9456864830074014,-14.594876384770311
88,-3.1285353976406727,14.454794764762648,-3.7306983180858526,-14.31833823147675
89,-2.3538871406102726,14.59800972253861,-3.5742157236941803,-13.982930995097938
90,-1.582860174540319,14.754299576968867,-3.4122575519990725,-13.643328176219828
91,-0.950817739747753,14.970849581563977,-3.181449441473459,-13.366511512207365
92,-0.5596146845393499,15.237634679233304,-2.87670100255757,-13.200893105710382
93,-0.2225713680420845,15.533030912840633,-2.5266902108759766,-13.053971851057629
94,0.2989447286604071,15.816903667882245,-2.1831902003860484,-12.804017316873276
95,0.8467206619899686,16.070732136362743,-1.86009846682659,-12.486438862513289
96,1.200787448144569,16.28782117149281,-1.5545103831698857,-12.174253636649182
97,1.5162369104480127,16.45150729415258,-1.2717659377310453,-11.834588345529454
98,1.9985537691854902,16.551308066097207,-1.0145875685000134,-11.42500444435726
99,2.6246225151385585,16.587839748488136,-0.7893871880457544,-10.966624842528857
100,3.3007327181419885,16.570394524585875,-0.599861268055662,-10.489234222551753
101,3.84405529070066,16.532219398243775,-0.4264670529768586,-10.028624548792804
102,4.097118011306568,16.49560758638499,-0.24371999007386208,-9.610249603039112
103,4.287199574632272,16.45898987024245,-0.04314019922018349,-9.161507579872143
104,4.701392889303845,16.381673168609403,0.17631603898073173,-8.608799510493153
105,5.1627036487031,16.24939890316255,0.4165475676578795,-8.03993944479027
106,5.410109026858053,16.059972846080573,0.6738941855988484,-7.569537822704807
107,5.526570630021372,15.829601858051634,0.9372074987707182,-7.1881117514543575
108,5.66518392581163,15.586423549713212,1.191356596147473,-6.843764417088927
109,5.897389751223721,15.361216578166816,1.4202254560219976,-6.470719532119355
110,6.252113991746665,15.171020159616651,1.6068195065947144,-6.015834032961848
111,6.523967980636269,14.98501493682695,1.734198914182247,-5.560400413635124
112,6.492614387203531,14.765252903616597,1.7914743135868527,-5.2133130800534335
113,6.382365257201166,14.49520925933559,1.7752856431642563,-4.9195953491659825
114,6.489478553517536,14.18148848290826,1.70148719145994,-4.5932176799216435
115,6.666972548490412,13.818666130918595,1.5840977975859345,-4.286640532408588
116,6.688632457368997,13.379482810615258,1.4588708835240336,-4.063168849665453
117,6.590157402490902,12.855810058668704,1.3659553786502896,-3.8891482333693594
118,6.474037987111797,12.292184528641883,1.3102500517427753,-3.7072528902702238
119,6.491841039344081,11.763663007352513,1.2751372772227116,-3.4401980848540417
120,6.771574904849524,11.31194241995233,1.2340961303735836,-3.03400174904019
121,7.090867280947709,10.918860860189847,1.1822536159554002,-2.5989814541347944
122,7.182215060516289,10.5336673704338,1.1302833239428884,-2.267246578011869
123,7.258311380275758,10.126897435716526,1.106394105346741,-1.9730181795173936
124,7.612128868262246,9.684969363632149,1.1359913282360479,-1.5998331592201045
125,8.12719292609007,9.219719263339163,1.2277839586150168,-1.1368222504638767
126,8.606156458123946,8.752992218048519,1.369619657175381,-0.602885215785377
127,9.021940086119319,8.289176747135969,1.556267616165396,-0.030420316561343946
128,-4.927094779238552,-13.494404542290951,-9.979170661896989,-9.283025919104903
129,-5.214667242183023,-13.727633041967938,-10.089758193830553,-9.280524624965189
130,-5.256767257430369,-13.981749439620732,-10.238744276169548,-9.192841595810929
131,-5.325634980260622,-14.267729861546988,-10.424211464602358,-9.140117513789718
132,-5.711551913251039,-14.579686158562454,-10.635588318555643,-9.244337228524017
133,-6.248373191033243,-14.914577808285253,-10.866297168654768,-9.469800713099938
134,-6.691931262938296,-15.262854804171095,-11.107392873936249,-9.737663215872152
135,-6.986634057984079,-15.601405723845762,-11.344283638413692,-10.011685946917808
136,-7.1370642564239235,-15.912639703194138,-11.563005127552001,-10.262288131241414
137,-7.2864856240909965,-16.186448613313093,-11.743577031109213,-10.48815352783793
138,-7.582183259176522,-16.430264110454466,-11.877117537821212,-10.70612964899252
139,-7.832372362033808,-16.70164602149612,-11.999054823882409,-10.876982407263311
140,-7.845331579857807,-17.046566527740236,-12.146863622042728,-10.981886607681385
141,-7.885588296927494,-17.428791359549386,-12.30672339608881,-11.143150128059174
142,-8.229592140229936,-17.79006429451618,-12.460004994997396,-11.466124333604899
143,-8.743841811918406,-18.088537956117978,-12.621805296864526,-11.88164801089461
144,-9.219597852979762,-18.30952810107115,-12.814294243177757,-12.273833096472753
145,-9.547682956901529,-18.515198100853365,-13.064771688094362,-12.549459713492935
146,-9.681114099818208,-18.775895978027048,-13.385096727026982,-12.659956882191082
147,-9.838425066534514,-19.078499096896866,-13.73096973357664,-12.714973755133892
148,-10.225952507667449,-19.380094252705796,-14.045876027736632,-12.84307274158668
149,-10.56064409675172,-19.659018901440426,-14.309799107969,-12.98949232986185
150,-10.535282317646274,-19.895222165103366,-14.523575605934285,-13.068563865917769
151,-10.332764534763498,-20.063271661724894,-14.700274231237378,-13.109408455324179
152,-10.215296807563957,-20.165019471783914,-14.868089318076883,-13.15511094651537
153,-10.228145152783217,-20.244343563052617,-15.058548507002465,-13.218387160580535
154,-10.357671899542026,-20.35581012611597,-15.291969571258349,-13.30462155180874
155,-10.474560050873356,-20.561440651047654,-15.583205021510548,-13.368350665874178
156,-10.453348663014307,-20.880040680693327,-15.919377128035823,-13.364679644934348
157,-10.504686716549886,-21.210258779890548,-16.212332769434763,-13.355104363243411
158,-10.83586378274917,-21.431116891616618,-16.379876727367293,-13.398423428821824
159,-11.196966291177946,-21.50532322354253,-16.450891620345708,-13.41814200304158
160,-11.305723534658936,-21.447383393390815,-16.48046124288768,-13.331065907573008
161,-11.24981613870966,-21.31363194177766,-16.462705387690068,-13.151784372423029
162,-11.185516952595812,-21.176380930642246,-16.39038870352835,-12.925195782260237
163,-11.18127944010329,-21.077475095211152,-16.28652272203034,-12.723883182514031
164,-11.2673259080337,-21.018154628483064,-16.178199522748063,-12.597974011219764
165,-11.2770073059373,-20.952179256655526,-16.105746658344284,-12.455040601176975
166,-11.052504869573129,-20.81575186963807,-16.095536215931013,-12.18708365968074
167,-10.825666004869952,-20.555923663685327,-16.11246957482422,-11.832962361441774
168,-10.839443873967024,-20.15654720169798,-16.106438207551708,-11.460227674992819
169,-10.906312919995303,-19.67465604621484,-16.061685522449572,-11.060283033589313
170,-10.789157959033565,-19.189355877575977,-15.978356877655985,-10.622710119402512
171,-10.513899316828402,-18.747386223631924,-15.863162820385588,-10.16235937153341
172,-10.165015194587077,-18.364091140907668,-15.733670417139162,-9.69613049598497
173,-9.849071243977484,-18.008839239044292,-15.613160749993563,-9.276371419094234
174,-9.65569219861942,-17.63171890260647,-15.518210649881077,-8.940294824468605
175,-9.420272933756383,-17.207164425329676,-15.446738398649089,-8.607253533191262
176,-8.986240576370866,-16.7244345329469,-15.387308586453328,-8.19393206313636
177,-8.604729324571641,-16.180035015976895,-15.330927683553993,-7.764713597139237
178,-8.539228209757642,-15.583235290569956,-15.26739492409961,-7.3935789515548045
179,-8.65112598223958,-14.94831558638182,-15.182901661697215,-7.028668133221837
180,-8.730090961299114,-14.290231865527169,-15.065740664400831,-6.603225157166239
181,-8.724949662589939,-13.63122523193926,-14.91477023995495,-6.099681003452281
182,-8.623814450528139,-12.983011840317635,-14.731969605304803,-5.521059902563067
183,-8.515407501099613,-12.320748944520341,-14.506283029996537,-4.93558585959754
184,-8.487346560761686,-11.61730000667635,-14.23781662231326,-4.403434703566275
185,-8.336812099381731,-10.882063598078938,-13.963832380653772,-3.8392214633476818
186,-7.879374999231761,-10.136958586818974,-13.727297982190477,-3.153813017235877
187,-7.367219063172283,-9.393807639416918,-13.554017956561358,-2.4142731582544776
188,-7.091969947693953,-8.714883806304872,-13.488610651280874,-1.7455260701285042
189,-6.912142444937321,-8.165232014741582,-13.531476175119032,-1.2013028435153195
190,-6.653753440720005,-7.814700205561563,-13.687065921233176,-0.8252400951052946
191,-6.30338009548287,-7.624548502887286,-13.924026714202967,-0.5620985103160657
192,-5.929470327854286,-7.502032058733277,-14.18939096573429,-0.32790472069814663
193,-5.812016039133113,-7.3715755875187785,-14.445353563756905,-0.16967335000693204
194,-6.167040530222842,-7.186611192821785,-14.663530220052657,-0.12852152844574435
195,-6.672591203016516,-6.956650436269509,-14.812156445472775,-0.06668823360444584
196,-6.641236181199879,-6.659978801182896,-15.09208044698484,0.38907135221659817
197,-6.553989746797121,-6.388981905969553,-15.280183174958253,0.9312500821029854
198,-6.6627699070053295,-6.158948451452094,-15.40622096763887,1.4593208082874898
199,-6.904222394769431,-5.961131368656124,-15.510716136810018,1.9114466758490167
200,-7.12745263414591,-5.772701900415431,-15.630875789583898,2.2482045701688405
201,-7.236404902048544,-5.576069307961587,-15.775649781281341,2.476984840332629
202,-7.17291362061722,-5.358539873736083,-15.941304313716968,2.6335180433826775
203,-7.0796317626657705,-5.104265061472608,-16.128729232864494,2.6984841532533617
204,-7.133467263393005,-4.809404813872647,-16.33837878110631,2.6591089529206244
205,-7.231609077692927,-4.513298537075962,-16.589155225631732,2.624562932509709
206,-7.201052736171186,-4.256129087261351,-16.890147253516673,2.7016167693572246
207,-7.04822820022121,-4.017105404762755,-17.17941983849223,2.8442347625908013
208,-6.827717801829051,-3.7648415829119637,-17.388946802860538,2.9603242612061047
209,-6.5569862226026885,-3.504381907775005,-17.52967293917377,2.9969315247324335
210,-6.260767003856381,-3.2612161391991537,-17.64427134560294,2.931232603406085
211,-5.953287646405997,-3.095265229597533,-17.761003449832355,2.8360739187579633
212,-5.629405193613752,-3.057892302225933,-17.904303673900518,2.8081254877460324
213,-5.298031004149202,-3.120683747235776,-18.092158138534014,2.8082809378450864
214,-4.971307748407281,-3.217014701460805,-18.321679661827456,2.768278892684341
215,-4.612819386604252,-3.284218546923218,-18.56067298489783,2.752500525952886
216,-4.209767127151543,-3.273696858444151,-18.77266322746429,2.8271727322495677
217,-3.8845363799216983,-3.1883207470240724,-18.940797685292253,2.922300668302917
218,-3.76051978834114,-3.0628288315881274,-19.066657219403947,2.942320618471396
219,-3.849286730935485,-2.917517426738332,-19.1830374536265,2.838123724901808
220,-4.086611422242422,-2.7731267144640563,-19.323337775987312,2.6005194663154514
221,-4.227347456375365,-2.6711194493219548,-19.470063614169852,2.3302786081613167
222,-4.054872656704755,-2.639558331433592,-19.58536649508304,2.1489406171544614
223,-3.8175737242352437,-2.661639261479155,-19.649621503344346,2.0284218737886186
224,-3.83799269500013,-2.6981858538274035,-19.65118928527478,1.8995099442989432
225,-3.951333212913335,-2.709142499357523,-19.580843319166764,1.7992382173571995
226,-3.885178041486062,-2.658975169639017,-19.443050128206334,1.7742836113231575
227,-3.635420459239711,-2.5286702166627166,-19.26535473997946,1.7960203611743117
228,-3.2670449434835542,-2.3212495497856276,-19.075781305122938,1.8274379466942285
229,-2.886378938641125,-2.0603351871597146,-18.875455099344595,1.847367642464201
230,-2.6065209722070053,-1.7801283039948994,-18.651425342120284,1.8468045373274107
231,-2.2636059513685973,-1.5199276603141352,-18.390593534262518,1.8923369465819164
232,-1.6754549325716142,-1.307483432886953,-18.08033865575739,2.047899151989624
233,-1.119612981343689,-1.1303297833813595,-17.71365217963251,2.220714526800866
234,-0.9250183290311295,-0.9663647316705818,-17.294135788288777,2.298853040306106
235,-0.9602982507526778,-0.821761113263844,-16.840460365133325,2.330691618749256
236,-0.9837847342816528,-0.7148050293076158,-16.37599576682776,2.4037049224599705
237,-0.9281044669193041,-0.6708096282283921,-15.914298507166869,2.5480419226922915
238,-0.7902223327736109,-0.7035919869395982,-15.463122573482874,2.7624902488612357
239,-0.7365280774800926,-0.7855780265983286,-15.02733382667469,2.962608098996779
240,-0.946584252770437,-0.8651819222074331,-14.608259197624768,3.0513371206493827
241,-1.2084619699719559,-0.8795047161098204,-14.211790660215003,3.0681927508156313
242,-1.2444108740369588,-0.7846265744611448,-13.843347488556311,3.0894415668709843
243,-1.1910541831973083,-0.5985514897986877,-13.490115332435414,3.095078004367495
244,-1.2640880661656406,-0.37775139940662317,-13.140678059230353,3.046219585752243
245,-1.4202055425293463,-0.19436573473851276,-12.818578576044484,2.9462410460692405
246,-1.5643534150720892,-0.10918037260350866,-12.548713925342884,2.7995169616886764
247,-1.6161592456610572,-0.12435632133147184,-12.31514019394678,2.6165856662809044
248,-1.5181657036356908,-0.2064376538857538,-12.08801260417328,2.4084073451262715
249,-1.4722993194245015,-0.32049532374932016,-11.847960513637355,2.117512508581445
250,-1.689269817565156,-0.432696917090969,-11.580431076882107,1.6996216056859466
251,-1.916591357854924,-0.5276246894359621,-11.28212519859786,1.2681650858063622
252,-1.8364835748458006,-0.605839400156918,-10.958966912293446,0.9589654100359347
253,-1.5743758126077092,-0.6653174468583511,-10.61391687440934,0.758928477268787
254,-1.3658672827474936,-0.7111564791205898,-10.253287051526788,0.6038573047000138
255,-1.2833263955972205,-0.7644314912933944,-9.890805810051555,0.463442953353405
256,-12.1632254771136,-20.970556022543704,-33.95726120124802,-11.020691012991263
257,-12.83630703504057,-21.813898307300757,-34.24755901983476,-11.417644252251614
258,-13.160951573895634,-22.669819376927286,-34.54695465150552,-11.73164884030626
259,-13.370024745886907,-23.51160938316224,-34.85221929310097,-12.028804310506855
260,-13.74596878075569,-24.301145729979133,-35.106455786921906,-12.380091971340518
261,-14.138368868818745,-25.032547997016973,-35.25494366912297,-12.687240979643468
262,-14.361906658889865,-25.736689232205023,-35.28221771843928,-12.852878283661893
263,-14.503589131767148,-26.435236758947276,-35.20007408121,-12.937962528847846
264,-14.68552270456894,-27.118446504095548,-35.02415293267274,-13.030711584832476
265,-15.029980921265384,-27.77185084369772,-34.77971715500631,-13.17999636307841
266,-15.597398145856744,-28.369928928063633,-34.487180031208936,-13.397630800543618
267,-16.089447592844806,-28.89524521044205,-34.16113146856351,-13.578291125809589
268,-16.22399484895182,-29.341070005908726,-33.80927866124409,-13.61371684884414
269,-16.277463797548517,-29.70997900955172,-33.427029246160664,-13.556725183685804
270,-16.578971280666202,-30.017219801943888,-33.01290605044501,-13.49860660629785
271,-16.996456277717268,-30.288913280229973,-32.567963631977825,-13.457800274083297
272,-17.32620818397494,-30.552179493199414,-32.10061666920236,-13.435816331240527
273,-17.50862457346004,-30.83183571299287,-31.61157431396232,-13.413863399107777
274,-17.540443634474393,-31.134214152402347,-31.078880889685944,-13.365205124114683
275,-17.665577235734144,-31.428966678514776,-30.474822468836305,-13.342253050188551
276,-18.09352790936696,-31.671976362045093,-29.816150459803858,-13.388846312978863
277,-18.46820164707032,-31.82752009869776,-29.15849647327571,-13.388200647953377
278,-18.41587517426813,-31.87558611726055,-28.531927753151432,-13.236681946983868
279,-18.194933054033424,-31.8238925177001,-27.92390297348575,-13.04841854685615
280,-18.143454208876165,-31.701484754582555,-27.3064048574269,-12.95628594726728
281,-18.22056926751713,-31.544804207875007,-26.65474443231829,-12.945260915557299
282,-18.306336984515845,-31.390073557555176,-25.949429271156337,-12.960118189385783
283,-18.259576696854268,-31.267361329201435,-25.1815928662525,-12.910938519702295
284,-17.975222225427054,-31.185544256434184,-24.38025478292921,-12.738800202118275
285,-17.713222946507113,-31.12389831781345,-23.60277214397785,-12.603976073964214
286,-17.73858564877344,-31.04620065221189,-22.878815915666795,-12.669910456731241
287,-17.781093921012175,-30.905724593630243,-22.195807133690142,-12.819940967000901
288,-17.533513610025913,-30.682245822464182,-21.522889335414696,-12.896677857163548
289,-17.17205277896038,-30.382826097276986,-20.82443918817145,-12.911971978926022
290,-16.92965872747562,-30.06066867391114,-20.08837657963259,-12.915322841885509
291,-16.803362038361996,-29.771002125198805,-19.31663759919753,-12.963728320821055
292,-16.728493830786398,-29.527563893922228,-18.51990652392249,-13.093571448587229
293,-16.526668006535086,-29.318537721387166,-17.6954583895823,-13.188862608560703
294,-16.04807140148475,-29.09976119782978,-16.835841772254412,-13.11738209622328
295,-15.534964987145226,-28.796424204443692,-15.935840587223554,-12.922158087136255
296,-15.248984207711677,-28.35531805611253,-14.992531530789421,-12.679113153275832
297,-14.97651298522103,-27.77161162726466,-14.008048994899022,-12.355611348045151
298,-14.469623595794621,-27.093782712880845,-12.987858210308646,-11.92359659770971
299,-13.853958146765027,-26.35478348701459,-11.94388990083646,-11.432218189941187
300,-13.311324093348281,-25.582376164845325,-10.881123740352683,-10.939328054301223
301,-12.932131211355747,-24.774514515627946,-9.774084975607954,-10.493798437038414
302,-12.740721419304464,-23.91938903202606,-8.597666412544454,-10.12224918117135
303,-12.497805665305348,-23.03197762887318,-7.342055702442522,-9.768922740670822
304,-11.968062066130837,-22.12909762144917,-6.014251838131263,-9.361478774427608
305,-11.355882948784444,-21.209678282662964,-4.609390365970417,-8.917355870816841
306,-10.909695311106184,-20.262920357758826,-3.1112859971048517,-8.458521174190187
307,-10.495718396376997,-19.26500249328851,-1.5278107377163976,-7.909252149602486
308,-9.928967065484642,-18.19041045278903,0.10529143362157717,-7.207895945371234
309,-9.193946416207192,-17.0288676626595,1.7621949774187076,-6.400024972121447
310,-8.321033461871894,-15.781054082751009,3.4196314994822052,-5.5605295439879745
311,-7.450864746597042,-14.458992011035678,5.071316344742662,-4.764026713131181
312,-6.715557713248285,-13.080486781384543,6.721244704234238,-4.0593685787694875
313,-5.9269337320951285,-11.650854131910256,8.371177000693402,-3.3789409039332803
314,-4.8976750084193235,-10.186260023720298,10.021272336496047,-2.6407808927168475
315,-3.8886185041608257,-8.704261048768464,11.670538804999362,-1.899372738395445
316,-3.1950278417445905,-7.298986896425637,13.233807405089813,-1.2432878613826095
317,-2.5395619338188857,-6.129454990997265,14.526278929599295,-0.629602778887989
318,-1.6493736989520897,-5.217125456633837,15.454624563743257,-0.022642228977129635
319,-0.583416308748519,-4.439892840099864,16.081630571231262,0.6026488149142553
320,0.4745501382835775,-3.6726866417834776,16.51466225614112,1.2495653839033503
321,1.2318959763184683,-2.872960124095536,16.837533274675323,1.7916955838625817
322,1.4868298814328025,-2.0605761575499857,17.11749925086957,2.11999126050691
323,1.5769247327088587,-1.2580107566117142,17.399230473263128,2.3594857582221205
324,2.2149907210265005,-0.4387988490174928,17.630156414323903,2.678610799192954
325,2.850854462400356,0.3387352553190781,17.83854495022961,2.977244708191149
326,3.1626501278516255,1.0946877856418935,17.991498445178046,3.1478079548844247
327,3.2839593038488344,1.8502825056666734,18.06985248940851,3.241277706132756
328,3.4580572315223934,2.6179296855975185,18.05720585098602,3.345855826375662
329,3.7653585786032755,3.3745624501996203,17.957824095938943,3.485058320014877
330,4.221104830125321,4.085334157426784,17.783613937661904,3.65490690160935
331,4.636999203285519,4.73753861461962,17.555016975344657,3.7765668383869047
332,4.802375736262788,5.331143414345467,17.28929364173509,3.7705468583378483
333,4.933287247756516,5.876293534525549,17.005166208256817,3.7331154158944786
334,5.3080444050656235,6.388672481918174,16.729965504548918,3.7902369239318765
335,5.739152477434702,6.872598644802068,16.480819384369674,3.8895167135765463
336,5.956418882317989,7.328375956858698,16.24333980869097,3.9403209654337923
337,5.983803816477445,7.759790591227918,15.991113150228196,3.946254621415626
338,5.929360364579048,8.17185476305826,15.69289802636272,3.935374958908498
339,5.931389570278406,8.579812234006324,15.337721113383276,3.9532174757375995
340,6.114501956332055,8.993453856865305,14.929097292190454,4.0418520354135685
341,6.318333503111027,9.391989113989823,14.480501941049916,4.142736069440902
342,6.32809679434049,9.745411238576697,14.006587198449637,4.176144989069883
343,6.302410077649435,10.0367457083364,13.503752790607878,4.1744755753264995
344,6.4514603672254855,10.262231352624752,12.962385331758698,4.194008639990804
345,6.624629127492971,10.43735729062541,12.382043741978944,4.210472858389928
346,6.62662729910426,10.590155745290676,11.76841489411934,4.194335824163162
347,6.482177242476766,10.748824981588246,11.137752266605847,4.163765770863174
348,6.286922423576442,10.932258989881174,10.507573194577349,4.147118685732323
349,6.24793554857734,11.140610493300935,9.878913074198245,4.197779274585734
350,6.532560346009887,11.356988510015071,9.243141342179642,4.3498883036580125
351,6.8582856296034675,11.548408296847839,8.592621667109253,4.5083948816798305
352,6.870967328874597,11.681611748598213,7.9163136763336075,4.557465993595357
353,6.717223420811726,11.747252799259831,7.195634319726295,4.516582754044953
354,6.6620258815684235,11.751182519465393,6.41636409287542,4.4424905516208435
355,6.689426909773677,11.70090774364114,5.57895071057563,4.341085901025241
356,6.72574494253507,11.617711132629601,4.692137127467732,4.208844690221555
357,6.700286855127466,11.499130602359934,3.7790727104043222,4.002794272556201
358,6.548828302151012,11.36072871329941,2.859805235234467,3.691138823776248
359,6.46950083059056,11.24446340350912,1.9411470889968698,3.3928365525571054
360,6.66419981151074,11.156753566056073,1.035042526842633,3.2411937511955418
361,6.845600008010365,11.078039045630913,0.18577779630099417,3.18812386844799
362,6.663686419064352,10.977071817853314,-0.507069394864975,3.1330009771956897
363,6.251870544767836,10.854500170592246,-0.9383319330796082,3.053935653339602
364,5.863108818374972,10.718089723968005,-1.100605860955334,2.9490610623868005
365,5.569688036368804,10.555678137228815,-1.0740617279062035,2.829603015123975
366,5.3816007437077875,10.349603235238373,-0.9483010545933969,2.7212893759380936
367,5.139126175466853,10.08195371142319,-0.7829712947033433,2.592203561858951
368,4.667265648627709,9.74058214454768,-0.6069437517825549,2.407020646481436
369,4.194662020640149,9.330980166561456,-0.44043178006532163,2.2541610986853238
370,4.009927488637931,8.874335161382096,-0.28604672676882476,2.2224286379114853
371,3.9446088578048952,8.409441564944533,-0.15064783095964726,2.2128496445089714
372,3.7495236731932087,7.974819101167326,-0.03656380308163275,2.10190548344538
373,3.484788482633933,7.580684553912602,0.054214856051753954,1.9363932232439347
374,3.27617254561851,7.2237898281607045,0.10752542751169693,1.8055486923671242
375,3.2191098578365986,6.902201741039093,0.10729296449460489,1.7419353091728011
376,3.366029223178798,6.612237813323455,0.06513336665707958,1.7559387459029947
377,3.4702013426389677,6.364196657742493,0.04353685821741449,1.7884901071458914
378,3.254314842393278,6.159062652884925,0.09687360427582715,1.765494864380288
379,2.915334278622248,5.9764033352959745,0.23153248891275421,1.7481732382541986
380,2.7414982103827015,5.779263771561038,0.39576241989861716,1.8141012753887003
381,2.600187221760241,5.559186127078869,0.5306456647702054,1.8697778135534064
382,2.296237427929061,5.3463961889346026,0.6099715805065746,1.805975736146326
383,1.897417497730811,5.166407292149175,0.6334706870454295,1.667588160526281
384,-5.358787469970482,-9.472311554725907,-15.233246771597946,-6.0273999609382045
385,-5.599088378662863,-9.861513934147226,-15.528406726096721,-6.219011460344739
386,-5.587342103384577,-10.29576989472574,-15.747365420342708,-6.323153898438699
387,-5.597028339474376,-10.747607754373973,-15.919019342578908,-6.429029176390171
388,-5.9247867918593125,-11.193164454954122,-16.084913122599687,-6.637432357046931
389,-6.408361656839854,-11.633092136129335,-16.286336605851975,-6.9105125117467505
390,-6.815995513447999,-12.074501164578779,-16.538763793823037,-7.180480408147098
391,-7.179803824584891,-12.474000346507983,-16.82616619249764,-7.427678818108373
392,-7.568693461439608,-12.80272013320204,-17.121647583448496,-7.6477553657782185
393,-8.027861410306707,-13.12678906557714,-17.40744507756253,-7.876843270298638
394,-8.584329802829826,-13.521875877424945,-17.68192802193976,-8.158527906065693
395,-9.054210044266883,-13.998735617949952,-17.945281523430197,-8.455337127203643
396,-9.280908246984131,-14.537173579845772,-18.198240126164794,-8.725751048526533
397,-9.516184297936194,-15.09320882857619,-18.42255165649477,-9.037042165741642
398,-10.028645212483713,-15.616977697551654,-18.605451439131905,-9.446247193890388
399,-10.687092715003855,-16.094011388331836,-18.745665630950587,-9.876744898162828
400,-11.286043074563748,-16.528434015825724,-18.863827457442927,-10.238393303820764
401,-11.764285085365977,-16.924453834597077,-18.991689123925592,-10.511725203624188
402,-12.11243965158884,-17.287700771278633,-19.14548472924504,-10.710832980138322
403,-12.469205857202951,-17.614583274126417,-19.313948411564795,-10.915070420545524
404,-12.974986709919794,-17.898804630735,-19.479878407645923,-11.193583703812251
405,-13.44462961294029,-18.144405888572983,-19.62994789611949,-11.462617232224012
406,-13.679430197420233,-18.35953095777767,-19.76581078105952,-11.620552695793716
407,-13.879140875401903,-18.55098286873803,-19.89727303042078,-11.710528146926926
408,-14.254234848429919,-18.728424655066284,-20.017193140275893,-11.797074079011217
409,-14.656838858811035,-18.903149149165564,-20.101741476527792,-11.864230691731077
410,-14.897951845139614,-19.0844636058076,-20.139210360038895,-11.8921056576277
411,-14.920789829466313,-19.281936988324578,-20.13546075130562,-11.87790253901198
412,-14.740951175585383,-19.49153534291063,-20.096494698690442,-11.827018792002121
413,-14.6116790274082,-19.68505078507007,-20.022359612930423,-11.809656070143447
414,-14.753979697602437,-19.8230058351292,-19.926416588918627,-11.878591150471546
415,-14.885043081650629,-19.85820732423005,-19.835917646201025,-11.936077311051076
416,-14.685580147485735,-19.763752349060425,-19.762678447721015,-11.872964066694156
417,-14.335077239536174,-19.56523593222425,-19.684937842240767,-11.722930943921128
418,-14.08759571688859,-19.313118918555496,-19.560684314903888,-11.544595060291883
419,-13.94734434900888,-19.060009681029204,-19.35750873030296,-11.341714639348242
420,-13.868081375134485,-18.841884252659852,-19.081526493333453,-11.110167068876374
421,-13.739720624249836,-18.652323536489156,-18.764900553185942,-10.80252117033371
422,-13.468686610460308,-18.461801818945215,-18.43479011631741,-10.394400489399123
423,-13.285863593422803,-18.228814389345686,-18.100893983646323,-10.034711598555708
424,-13.40866564830544,-17.926956566954427,-17.762070159739608,-9.86951434014337
425,-13.555986772126172,-17.59711179659276,-17.408067371427023,-9.815567293479686
426,-13.419153184518708,-17.290990166839144,-17.029461211249753,-9.749980488724765
427,-13.139468878862889,-16.99714086775886,-16.620158750831074,-9.699631978168542
428,-12.929110456051708,-16.69395114267874,-16.17186466039419,-9.696653958827875
429,-12.839280726368152,-16.393816291485606,-15.678918147324216,-9.691347798726092
430,-12.864257581647086,-16.110339796044002,-15.18779841068126,-9.626893270198883
431,-12.801987906987296,-15.853860432226195,-14.97280090930897,-9.428489166725441
432,-12.481811528553628,-15.625525234955395,-15.54224822847648,-9.061813826754621
433,-12.20463498371075,-15.38295172986569,-17.1548835408476,-8.658596065128037
434,-12.292346169739279,-15.087592546060328,-19.521331593216267,-8.368178171747745
435,-12.56467650770551,-14.76391578611941,-22.095875260271157,-8.186823072608426
436,-12.753673254322738,-14.450111030081366,-24.408721996460727,-8.059688809367236
437,-12.828988041982385,-14.158106196211039,-26.179178698787933,-7.951862769386139
438,-12.809166881905282,-13.883033447948499,-27.298516404084307,-7.821725968047675
439,-12.768558008574388,-13.594563708779216,-27.75364391219885,-7.6563743029388105
440,-12.777041003783435,-13.252687577341206,-27.58542502479361,-7.449208424852966
441,-12.634572565732938,-12.837290264805041,-26.879280645479078,-7.128314104200464
442,-12.148549544510889,-12.345413637148928,-25.726741091422618,-6.633679419248411
443,-11.546919366948396,-11.77904855133789,-24.16993925811013,-6.018662622176468
444,-11.109923400544876,-11.18753634743937,-22.264062794933576,-5.372761945556975
445,-10.541855401727215,-10.658126595642901,-20.15044790768032,-4.674322306438073
446,-9.589832970891528,-10.280186126763402,-17.941641916455172,-3.913709792905058
447,-8.410609192533352,-10.015486955010573,-15.651882127753153,-3.1538745235129317
448,-7.281353337672063,-9.785560894731294,-13.284326054938743,-2.4509329871628625
449,-6.476105853946109,-9.58635261993306,-10.86558399302025,-1.8080804035587072
450,-6.1525708977556235,-9.426407992111454,-8.40709934515499,-1.2171533530253469
451,-5.967837636758729,-9.276478853865369,-5.8717266495382665,-0.637866397594828
452,-6.042356273006428,-8.813990704188582,-2.447759121597974,-0.8025812140315242
453,-5.976338594621299,-8.325712811988458,0.9316738853169124,-0.9383226024211773
454,-6.08867036201086,-7.788573940022147,4.258729211371131,-1.1400033942749184
455,-6.274199136523804,-7.219453433529414,7.520151047319969,-1.3756093353089769
456,-6.341363301895597,-6.647278740816562,10.697622429745493,-1.5836996681111732
457,-6.261468307383776,-6.061301859670647,13.772513777967818,-1.7430084243314792
458,-6.056176457933106,-5.447316232094098,16.729986672944943,-1.845755550128628
459,-5.904288212109556,-4.831541275551046,19.576040137661195,-1.9432310261220644
460,-5.991472272531936,-4.246190475017476,22.325921240377607,-2.0904485423528385
461,-6.12963236358773,-3.705172650826463,25.009034238597376,-2.2122662734312324
462,-6.067886276535178,-3.2095495436621335,27.673172378610783,-2.21913593139782
463,-5.944245270265491,-2.7342216830942108,30.35059185822305,-2.169264296289466
464,-5.974889394787666,-2.2493921939046255,33.02120251686197,-2.1536808217786714
465,-6.142012036318355,-1.757720515529432,35.6289434370889,-2.1900920974322933
466,-6.376331643316119,-1.2771543291799126,38.13352294419807,-2.2728955650323512
467,-6.614272462361398,-0.8210444310469459,40.52039952325012,-2.3590768404339544
468,-6.7950891752461455,-0.4010392834313805,42.782984501310146,-2.404717419475434
469,-7.060041741112254,-0.025230171717109978,44.92763775040767,-2.490238299209338
470,-7.55525113558711,0.307851320251872,46.97377086859388,-2.7067423691622086
471,-8.024326083876602,0.6170286595243685,48.940295867327684,-2.9719914852669627
472,-8.17526608877428,0.9217142007554076,50.836529433366294,-3.17006153369277
473,-8.183487980531133,1.2196878836476241,52.66738003656313,-3.314758171151488
474,-8.31411797267508,1.5033533839858548,54.4477860461556,-3.4459662732954044
475,-8.56594900063465,1.7683253268209678,56.19889753145323,-3.5627667356676502
476,-8.850128617527503,2.0200537245979837,57.92755861925772,-3.6568516885544398
477,-8.968020789280766,2.30071553273264,59.60825005576575,-3.6603141654931215
478,-8.742377197038776,2.6509827026669206,61.16761968915846,-3.519674350360387
479,-8.434911363923332,3.058829923617164,62.52392248005005,-3.3647399133169222
480,-8.37642872428065,3.4871565671623763,63.67973676855253,-3.350276264286302
481,-8.378580465762619,3.892502670525851,64.7230897062475,-3.4366594829890986
482,-8.152710138557305,4.239182520791443,65.73156891941738,-3.5285780246816647
483,-7.7707958459517465,4.5414998337760775,66.73719814976059,-3.6093999582367498
484,-7.381210766492158,4.837133497779132,67.73270518458399,-3.677662457345276
485,-7.066622854182036,5.129469440397338,68.70122615023789,-3.745676829234044
486,-6.878019589587856,5.419813429725364,69.61721040709219,-3.832013880955388
487,-6.615793770287621,5.757583273822723,70.46662402008131,-3.8797584201791318
488,-6.067284374698023,6.1754931465706,71.24279822325644,-3.8239710238977698
489,-5.499202197874725,6.629506173577218,71.94633676010399,-3.718189922057519
490,-5.248184613759842,7.043903434325841,72.57490652050903,-3.6349809014703425
491,-5.1639374490778165,7.322681005313248,73.12228601431232,-3.530409579746787
492,-5.000658990560579,7.403581543287964,73.58919780017197,-3.3546267946854282
493,-4.773636091996206,7.362797540093243,73.98534763639276,-3.1558260950802315
494,-4.568956570977283,7.322217966648496,74.30720587712459,-3.0085215943924144
495,-4.558628100187593,7.332462758144363,74.5335947040354,-3.0016174954099384
496,-4.888815369871416,7.399305188896009,74.6602648075088,-3.192543421787776
497,-5.294457747405357,7.478858999719283,74.72039455008489,-3.464551736977251
498,-5.443882641560056,7.502426820537659,74.75668763282911,-3.666664075739031
499,-5.497397743345537,7.4554884799112155,74.78044514387543,-3.842943862937658
500,-5.713099945452127,7.349472246148886,74.76372433559033,-4.0803509255577985
501,-5.991092887420619,7.159738799594786,74.66634098439584,-4.3272025100117455
502,-6.175534509715903,6.878326511103708,74.47302178774714,-4.51648599895015
503,-6.249944201403904,6.583467366742177,74.19684954397432,-4.650695217546772
504,-6.241868668872711,6.3592139656674345,73.83087617247588,-4.753050499847546
505,-6.344513810769044,6.202076650754992,73.33556219723556,-4.894584017411795
506,-6.737326088716564,6.076027773614547,72.69211454002834,-5.137941382929318
507,-7.1696445500143025,5.960005671793576,71.92018304667724,-5.402007566323112
508,-7.319954657080806,5.8326864709190955,71.05743156676354,-5.578204880273262
509,-7.311707952065491,5.695495018927212,70.14818425841769,-5.690407321990019
510,-7.368701258466695,5.557085426869058,69.21619515823416,-5.800367864703361
511,-7.467500100385661,5.372617871909581,68.2544234491008,-5.928765713981015
512,-22.379022583015047,-7.300210542551866,16.195354719299505,-24.052258812627414
513,-21.388730941303585,-7.705537073663774,16.240164222912693,-23.17386426387858
514,-20.1065513318178,-8.100577221983542,16.293310023163425,-22.12845455368285
515,-18.822481584469404,-8.471213340158782,16.33662566392613,-21.052352506194772
516,-17.830927590915874,-8.807059734374253,16.34895972612626,-20.078313460958903
517,-16.90474818798246,-9.111270017696969,16.333604578693198,-19.14625654809253
518,-15.76453154364036,-9.398109769184872,16.299798853091872,-18.154161340937794
519,-14.517085503148927,-9.688569740441498,16.269520834945368,-17.089036380969407
520,-13.329374329797838,-10.00180516181,16.239948653297034,-15.959303478824141
521,-12.280308512878158,-10.344005109071286,16.183695352008243,-14.793130304659309
522,-11.391301776491549,-10.713785992761379,16.069325187202494,-13.628487985787771
523,-10.425112606670243,-11.105586049108716,15.89340392859157,-12.42543927641208
524,-9.154512478698102,-11.513632380338093,15.668289546072309,-11.151635387641893
525,-7.805044085235462,-11.94339733270612,15.418251333524525,-9.924894464604284
526,-6.653019538055891,-12.399085254185005,15.168559462870295,-8.852478504608637
527,-5.57657695786419,-12.864932525544107,14.92206626917522,-7.851522792382288
528,-4.4119826038753605,-13.320526992183048,14.678305993549339,-6.810574518894823
529,-3.214743449871626,-13.761019701276597,14.427044099700721,-5.719694943057224
530,-2.066883712720659,-14.180875909221081,14.169424454346041,-4.59710324514131
531,-1.0802789774132375,-14.555522101729116,13.919966799149833,-3.493201386371785
532,-0.31366761494676837,-14.868306498418612,13.668792405540021,-2.448085241993297
533,0.5242499107595693,-15.131792269877385,13.378049239163433,-1.3676641113116474
534,1.7065315571408677,-15.372135708000453,13.033919532378937,-0.15471052456504114
535,2.9820445264351765,-15.62399241751799,12.644432115557304,1.1236695756129949
536,4.03842802928327,-15.913861487702514,12.2248346268918,2.375869802103631
537,4.954748153351299,-16.233298954952446,11.764119562786485,3.601637407069689
538,5.882009788235659,-16.557605668360125,11.250471890085656,4.824009718983847
539,6.889054103898668,-16.868949622729804,10.690369895396604,6.088436764749599
540,8.013433029732159,-17.150881035443636,10.098511925552272,7.433355333617248
541,9.067434817509996,-17.38585551597216,9.500185430223627,8.785957418097286
542,9.886671540472943,-17.564839623221637,8.915405911443681,10.071108940418734
543,10.78290788747773,-17.698047396703704,8.3379745623423,11.365782231771698
544,12.070031580288148,-17.800159389068856,7.74921457512164,12.754682966696073
545,13.521890831116313,-17.86454136942807,7.123232303947332,14.18845629709707
546,14.831645934555851,-17.89626700255052,6.442152993116438,15.594878802368994
547,15.973876811910069,-17.902306625865013,5.727819339610975,16.943205208989642
548,16.99869722193809,-17.912826404852545,5.003710549878907,18.218971999846314
549,18.045328493397854,-17.931279884619016,4.278727422064379,19.474459138142983
550,19.240241746406138,-17.920888535627544,3.5404409790103046,20.762469682018487
551,20.36140038752242,-17.850349393748168,2.7831985904918595,21.989591119524192
552,21.182378420107128,-17.715165578939885,2.023481579516453,23.068783939769673
553,21.95384138458454,-17.511515916637048,1.276760091940306,24.126745626607416
554,22.958764094874862,-17.224549986291528,0.5546122799291952,25.294250373125855
555,24.071963505330405,-16.86721363436485,-0.1614615790449777,26.492448215846686
556,25.107120719706337,-16.493593686030522,-0.898867115444037,27.612088002613724
557,26.031635121068184,-16.141244879543624,-1.6696380815185246,28.63947802086073
558,26.854329017664753,-15.83430888793686,-2.4775817320627764,29.59337930372872
559,27.717941102175228,-15.556352125099254,-3.3216567617553694,30.54666813102078
560,28.745434715416536,-15.272866382878481,-4.1950528219698136,31.568831922500593
561,29.6979505743096,-14.953687101582732,-5.08690465260547,32.5993072328846
562,30.32832461811168,-14.585235369055122,-5.995708906599163,33.553760441533306
563,30.827699012199844,-14.197968091264054,-6.920780892880655,34.454208613659176
564,31.432313447214003,-13.83201266098985,-7.876055178739995,35.33609888131791
565,32.0690147238325,-13.490423122387316,-8.88608618989251,36.17228079656089
566,32.61740902027871,-13.16335197472188,-9.950570022143678,36.93719641749308
567,33.01666533805222,-12.848518240304317,-11.04197547410291,37.63351206308725
568,33.248473607483675,-12.537508675168207,-12.137244492142086,38.270213227171546
569,33.52100138588254,-12.216560714993886,-13.22728181780749,38.887581528258934
570,34.02798428715224,-11.87173981982293,-14.296695420992199,39.51453529903698
571,34.55262488398977,-11.48134586154531,-15.320025230071765,40.07880795238342
572,34.69398391980775,-11.046635244248472,-16.23224238302663,40.30652439944672
573,34.490092569745606,-10.632388902947252,-16.933086525159645,40.087606192020246
574,33.945250855585236,-10.293555590313218,-17.407867407021225,39.247544777818966
575,32.990042392391366,-10.0250595519851,-17.7365140826296,37.853284224439626
576,31.626420638432972,-9.772875536431524,-18.007068621026363,36.11911836341469
577,29.880072538991016,-9.490236517739019,-18.279585891199577,34.14770595737347
578,27.810130631719016,-9.194157193409252,-18.542679867171312,32.008124369521674
579,25.690490637680135,-8.95581371693788,-18.74439912332676,29.856095702595205
580,23.986721103333483,-8.60123239572065,-18.82531243140445,27.78241235026477
581,22.17446489438402,-8.259605102318485,-18.842985338851683,25.753094253145516
582,19.925784381771148,-7.8324325790067455,-18.785320656861554,23.669735013152856
583,17.416761966588673,-7.298553534573111,-18.650979142114913,21.524819476001017
584,14.960324649983393,-6.67857140912955,-18.459723098084993,19.350513871479595
585,12.687073814638044,-6.003458621639936,-18.21605929897048,17.205994933033914
586,10.637262870018274,-5.330654730815592,-17.91586149174525,15.158901228756035
587,8.589492371239489,-4.681177084517755,-17.536308542361095,13.187297070598671
588,6.293290213705566,-4.081230273088642,-17.060265553692034,11.247654569528306
589,4.024315992954735,-3.578511919522426,-16.500721056392845,9.418954197752997
590,2.142603495925787,-3.164938213339215,-15.907115646043307,7.777276467254171
591,0.4458736622565683,-2.764179158734684,-15.349460890789368,6.220985185077466
592,-1.3643826930731788,-2.3299942820788844,-14.90276847497557,4.6253187218921905
593,-3.208374857598576,-1.8508936726903338,-14.61215313171573,3.0055186286631574
594,-4.921969648353044,-1.3488687565174995,-14.437017082598278,1.4246386029826121
595,-6.3830234067678955,-0.8484352526200667,-14.27719799907942,-0.05177074787157265
596,-7.50818958316301,-0.3803227417471408,-14.068489705326837,-1.3675159027321808
597,-8.51751441996888,0.016881019873569852,-13.809995489536231,-2.5754541439034173
598,-9.678854393375499,0.3211463656406456,-13.522207085159545,-3.758478965506707
599,-10.78694713312219,0.5468385531709734,-13.234370102521291,-4.8649707923891565
600,-11.573190282483038,0.7291105994887196,-12.996811006038266,-5.827819231780057
601,-12.272199573471623,0.9165480779255399,-12.842025574726254,-6.736468098308807
602,-13.183601671466132,1.1469225856891194,-12.778388703460072,-7.6870612123126705
603,-14.248015893003217,1.4053320712754886,-12.767250782372098,-8.623421445031585
604,-15.298222446569705,1.654060690398394,-12.753579666911294,-9.45446706039954
605,-16.134031805278127,1.874439239511561,-12.709624132685047,-10.125242107237549
606,-16.5949467823388,2.058473751606925,-12.627303105102571,-10.618187437275637
607,-16.890613048130366,2.2032399475541786,-12.512876912883847,-11.04867434387681
608,-17.31303375832731,2.3194162722821576,-12.382897907361444,-11.55112673910581
609,-17.74727103437952,2.4328234270840747,-12.253502043576738,-12.07436285447897
610,-17.99480539127814,2.555852254739029,-12.132675743244583,-12.517393750492023
611,-18.139631039113546,2.7186028513905596,-12.00190043597782,-12.892625556479357
612,-18.306896028972623,2.899588981809477,-11.84373834984523,-13.234229259882706
613,-18.52798138637355,3.044243913486511,-11.663331608200023,-13.552220445452383
614,-18.795185239754886,3.0988304718157478,-11.482148091570144,-13.851306351793294
615,-18.926633455831574,3.0922758011438454,-11.305417213292921,-14.069021283886814
616,-18.736477786690486,3.069401651648703,-11.110899542963562,-14.144054412938727
617,-18.416427369904305,3.0617250508150606,-10.88207637882495,-14.160623334381247
618,-18.219194289682452,3.052281760248813,-10.611206533950151,-14.224529041827628
619,-17.98650700116373,3.030252419869785,-10.312856814580693,-14.296900580199193
620,-17.50412213705389,2.981195255099703,-10.01855589299502,-14.305850017616951
621,-16.878504143905506,2.924929925014419,-9.753217986015155,-14.244203490457805
622,-16.281939853296628,2.892278860493997,-9.509901825797215,-14.123008949096045
623,-15.832345171578526,2.881588910997249,-9.257240134068546,-13.991015815750101
624,-15.588800215324671,2.882218915687708,-8.977815778516284,-13.894456053975965
625,-15.301080867864565,2.900975040794772,-8.666526348562554,-13.754265527569636
626,-14.693005027388146,2.9416854289798624,-8.33562616949686,-13.474488665774864
627,-13.995676275066119,2.9938730002976173,-7.995396954264939,-13.11360082713802
628,-13.53527186468366,3.0425699229826626,-7.658510776104063,-12.763759159953802
629,-13.19718826626217,3.063008257139805,-7.321408577413675,-12.407231227009742
630,-12.779304979225078,3.036958740237323,-6.961003186344015,-12.014064463351755
631,-12.278712975472239,2.985830862014739,-6.578394771986466,-11.613320384791137
632,-11.742679540210046,2.9391923358861662,-6.209436490405884,-11.241986783940614
633,-11.336725039697564,2.8943339397328036,-5.878057845899004,-10.962086600702158
634,-11.212063643211403,2.834976054585778,-5.575751443412757,-10.811300311802645
635,-11.104965865663702,2.745104152320031,-5.288183349973388,-10.66828549389764
636,-10.698748838858341,2.6101729965202107,-4.994910434605784,-10.393210451932381
637,-10.190493266805642,2.428224549872078,-4.698401712524218,-10.03218720966729
638,-9.871009564621435,2.209527939595787,-4.4080503486763645,-9.68620241805962
639,-9.6609081431918,1.9738457665308062,-4.1486759783822285,-9.37718167595851
640,-9.096795502039319,-9.867046085519604,1.8905235448585826,-6.427169100210022
641,-9.520354755348011,-10.251165991536233,1.6356051741880457,-6.698964666644137
642,-9.827822411527533,-10.698414017804167,1.4200266824584213,-6.928656111487313
643,-10.212241875699885,-11.136686687514457,1.2323281234525614,-7.18901779725211
644,-10.837703034563344,-11.485904411099552,1.0512628597060785,-7.5449071358151025
645,-11.382952119173027,-11.718416860703336,0.8769483166121724,-7.92599052133943
646,-11.519069268968511,-11.840938164308145,0.7204831929136832,-8.237579103118838
647,-11.4174576245485,-11.893018358293842,0.5994394325702757,-8.459061978841692
648,-11.346479883175828,-11.921734979411896,0.5314065392801135,-8.593677535415196
649,-11.393932071070497,-11.9331463313041,0.524093396346673,-8.667062726275866
650,-11.581551258177607,-11.917941122488124,0.5696767727278219,-8.71490355587374
651,-11.756326335378652,-11.882491938635459,0.6365169012345598,-8.704332781264231
652,-11.75741297029757,-11.830688644223589,0.690370471602264,-8.611881003678013
653,-11.78555740079166,-11.759193687571043,0.716958347971856,-8.55427691979202
654,-12.054179256508656,-11.666956305743458,0.7173791261528624,-8.636248108524676
655,-12.358468526912711,-11.544995867749556,0.7083569255930775,-8.780788299074544
656,-12.460295540131579,-11.393702037078215,0.7109783297836836,-8.879339116456356
657,-12.413340912728597,-11.257897308181386,0.730053533847836,-8.916758274718662
658,-12.332762525921975,-11.176696634002273,0.759244385424977,-8.905971041683243
659,-12.333351254500435,-11.127217025896087,0.7965711775128245,-8.881468712481075
660,-12.49179378214276,-11.070138819840949,0.8298953386628566,-8.882517642035477
661,-12.599491974708641,-10.981621818683701,0.8156849168170578,-8.875689824742402
662,-12.45005236960042,-10.849171797678043,0.7230491286417478,-8.81898706207614
663,-12.283168515911111,-10.69701061477951,0.5745719669266454,-8.763666707073389
664,-12.364261574823521,-10.553349096282016,0.41782771766279714,-8.76204024517701
665,-12.53561093525684,-10.393032518412737,0.31037365676661294,-8.761265384982256
666,-12.58962471110318,-10.1897643207827,0.29708803420078705,-8.710436411434529
667,-12.527011115918377,-9.969828135067003,0.3686978424364167,-8.653244295579281
668,-12.407685061630806,-9.770483401565508,0.48923774141777643,-8.643985630707203
669,-12.411912432758136,-9.61419882136759,0.6363739649355193,-8.716714750194706
670,-12.688385739459795,-9.512200705618914,0.7843642249468366,-8.873007035033597
671,-12.98656977798147,-9.449089233256275,0.8910768056225229,-8.99434780537356
672,-13.039395191105763,-9.396527270837163,0.9292109528332654,-8.974248982508614
673,-13.069416399351386,-9.341479943296408,0.9032615245887321,-8.90314658604924
674,-13.33170984446651,-9.27283122663047,0.8399061733686887,-8.90401312969526
675,-13.689848354511843,-9.162740141751225,0.7915363234830856,-8.97547023633801
676,-13.945438835703948,-8.993501228524256,0.8031533050239766,-9.08296375159999
677,-13.989794573671276,-8.782563483877592,0.8708069321751118,-9.18259957818637
678,-13.781950391629787,-8.556570163296172,0.9665141147016876,-9.231742294998911
679,-13.568657288011213,-8.329847883839827,1.0593194109105462,-9.287196192703469
680,-13.591389332946047,-8.109478384841418,1.1209069313789275,-9.40207140200166
681,-13.598790565553442,-7.888586011003145,1.1466768360136697,-9.463322971697977
682,-13.302405558852803,-7.65051720666133,1.1420769954940009,-9.355634796687378
683,-12.885252015310524,-7.395413883385512,1.1004721431494622,-9.132960481821454
684,-12.583582344279954,-7.115976183162862,1.0162589548505028,-8.879991540771202
685,-12.375698805596683,-6.753755736127604,0.8925023053516337,-8.621045227187293
686,-12.18096735413658,-6.268492315884605,0.7361332084834379,-8.363668980860265
687,-11.85426628714398,-5.707317987057612,0.5593979423432256,-8.053968654779855
688,-11.280794858513241,-5.1482120789233585,0.3727696346193531,-7.652269883381991
689,-10.68036026306625,-4.659882265160825,0.1806893164872312,-7.2903011602087515
690,-10.289736068136136,-4.285912829346649,-0.02069481809811527,-7.099722518238402
691,-9.912097028759902,-4.010410544655147,-0.2531599112738748,-7.008316024266913
692,-9.321050873062676,-3.7779754900001126,-0.5303271048318067,-6.901018983146387
693,-8.66950670390839,-3.523576654737614,-0.831770968454894,-6.7614042755669805
694,-8.142271730302653,-3.192202884066329,-1.1205075318493654,-6.588046470436539
695,-7.739546230889959,-2.7567791715485686,-1.3515553849866135,-6.365586102793356
696,-7.40191996734249,-2.226918594105646,-1.4946732720027178,-6.09576484734512
697,-6.914178757275356,-1.6644465111700373,-1.5643020842858317,-5.758942138311644
698,-6.109722875678291,-1.1313397197231143,-1.6004402929286414,-5.349813122244084
699,-5.293534236315612,-0.6310755388239102,-1.6538967966277043,-4.982708297853323
700,-4.824050001683792,-0.1722039777395303,-1.7615353445660857,-4.753720326337535
701,-4.361514936432762,0.24725558962190658,-1.9305810835209214,-4.509178981480613
702,-3.578756364480099,0.6062858216905761,-2.1460150212867015,-4.100411600438955
703,-2.690509119545447,0.9064643105125583,-2.4203597538530093,-3.591195097786374
704,-2.029407970690973,1.1498981450966184,-2.7613224462917985,-3.1156373772785946
705,-1.7558097947861477,1.2856570715033366,-3.129548347511813,-2.810342659672155
706,-1.9013108469290219,1.2726232511359574,-3.48252429561044,-2.7690577425519822
707,-2.1559933277634586,1.141465978218188,-3.825686714784074,-2.904221567255514
708,-1.9609664012611756,0.9490818343901806,-4.169454418021095,-3.0502071697787008
709,-1.7394590842759514,0.7105119807505229,-4.513896301966527,-3.234990824538878
710,-1.7920546849354242,0.4521635434152753,-4.84700786598564,-3.481018701363455
711,-1.9287349916367453,0.15699234092415948,-5.170770259795571,-3.7309633222680185
712,-1.8802116712720853,-0.19139901333226692,-5.486505457545346,-3.9180792752508533
713,-1.7238651099680515,-0.5510031053246365,-5.790606295123532,-3.9982939899289236
714,-1.612949563594016,-0.8717038803195142,-6.079270018972474,-3.9653330980708055
715,-1.6720268810503485,-1.1423664890160192,-6.341548721544901,-3.9344635639036185
716,-1.975466183199791,-1.3700016096898078,-6.571844088475783,-4.037868049494124
717,-2.2533976497153922,-1.5779516967994176,-6.788301661563213,-4.248794930959438
718,-2.200857465401416,-1.7911144691320304,-7.017433629464706,-4.489939797941893
719,-2.041168592317729,-1.998697423172392,-7.279240052895703,-4.773560422380848
720,-2.0973358830313593,-2.1771290984455685,-7.581112372203413,-5.111417129939563
721,-2.2581121672657156,-2.3191701300756016,-7.909491654827271,-5.44858159770554
722,-2.3239367208479815,-2.4267487704069484,-8.234643938155793,-5.722357587844069
723,-2.2549087765778077,-2.5157356273774027,-8.51222259189602,-5.865864331049787
724,-2.0665785430462744,-2.607566105333644,-8.706308062621188,-5.840720601349772
725,-1.9673774377959938,-2.7059282769256288,-8.820908049816532,-5.73808525153674
726,-2.1630563915285865,-2.808007687012555,-8.879059503775444,-5.67316763839252
727,-2.4030425705405505,-2.926277579346282,-8.907229706172034,-5.619980569382675
728,-2.3563577396495927,-3.075231719361786,-8.924569023248088,-5.517495756821
729,-2.1395928760165988,-3.2413027113396122,-8.90590440704069,-5.3878192751906475
730,-1.9754714692393625,-3.4142688363658475,-8.823115280747103,-5.265121424621016
731,-1.8672088332798857,-3.646343351576758,-8.706769141290392,-5.1671108318822165
732,-1.7794404401761652,-3.982953308773272,-8.607301926788576,-5.1026254017519515
733,-1.659136575027803,-4.371331551986737,-8.561887178636027,-5.011158860087961
734,-1.4530738373466638,-4.729036385558352,-8.591485290858945,-4.8317070764751415
735,-1.3500683697302927,-5.01102164779118,-8.67667163745901,-4.637574892784079
736,-1.5396262906918463,-5.194774648399386,-8.777690909382477,-4.525848478787554
737,-1.7635549036457878,-5.294914524536434,-8.8680948450715,-4.467001125940452
738,-1.706075694729328,-5.348883247987389,-8.933710545341802,-4.405929868026554
739,-1.4918567400084413,-5.36607984090584,-8.97677927183058,-4.3560273131869
740,-1.3464644548190976,-5.352907887132406,-9.011634090346268,-4.340536836079868
741,-1.3227368729441826,-5.3565951001180405,-9.052747229702467,-4.3886717403009206
742,-1.4092533092321633,-5.420493641088184,-9.110807992000169,-4.5177976461818465
743,-1.4066944122828595,-5.535889524583879,-9.183028348438759,-4.633224705821665
744,-1.1158114197192148,-5.677468377780901,-9.262178547876157,-4.635780832061453
745,-0.8067346368803181,-5.829725362656013,-9.355627784186813,-4.610449528494393
746,-0.8206883972650739,-5.98332807399383,-9.47165718109253,-4.676297804030485
747,-0.9831895490378871,-6.1552322129384,-9.603358952280958,-4.7886872362479345
748,-1.0171067626993489,-6.363308791911335,-9.73944145936262,-4.870417015337671
749,-0.9660486526401786,-6.5813881761997655,-9.871340946449724,-4.937216209844803
750,-0.943217449761928,-6.770160986649544,-9.993950000000629,-5.016572934840933
751,-1.0435054705953986,-6.9060836645516295,-10.10935926395821,-5.1179869241930644
752,-1.3347281619817062,-6.979730520800854,-10.223887638898047,-5.242249892315025
753,-1.5939864614739465,-7.014238437428988,-10.346415237816304,-5.317596824322178
754,-1.5700439219086273,-7.0443981485046585,-10.477650191123185,-5.273278064425496
755,-1.4839350715105657,-7.070821686218984,-10.59764658743821,-5.183321253227409
756,-1.6318579848400327,-7.083074081327387,-10.67585509440011,-5.147584600487979
757,-1.857715666568077,-7.098848530003239,-10.677984295991825,-5.131727760260642
758,-1.9202357065026254,-7.126039682060677,-10.581217193874869,-5.07253366336356
759,-1.839151872285927,-7.12487635115956,-10.395749347345113,-4.97420367931569
760,-1.6891982827671486,-7.046416858059053,-10.150296670784668,-4.853005090727592
761,-1.5552379626089672,-6.855402291671566,-9.879642044937484,-4.73660575581211
762,-1.514516387947404,-6.545245650796926,-9.611055805542492,-4.6457858652660295
763,-1.3744389150941008,-6.178007987842822,-9.336504059400378,-4.506959114619072
764,-0.9403702174508682,-5.836152114192445,-9.035656269961384,-4.242424442224967
765,-0.5140767533157745,-5.559349983396406,-8.70782281292154,-3.9090516844629146
766,-0.45989037221811535,-5.355823840018411,-8.364234997355615,-3.6012789657838375
767,-0.6586185867901451,-5.198265505283326,-8.025135644140036,-3.3495064953158
768,-12.513414168869847,-12.88645453526066,-7.323631205254312,-10.399662496604783
769,-12.740810567714737,-13.101031772590911,-7.553812894952113,-10.577737195250418
770,-12.807796172752242,-13.300540067606923,-7.781920999673014,-10.628873311428169
771,-12.935591745631347,-13.51731089183524,-7.999161169192286,-10.676564746565921
772,-13.339736578678094,-13.785676356481726,-8.198932094752562,-10.856540849659554
773,-13.79011489353672,-14.11825715075691,-8.38896513741099,-11.097855343318015
774,-14.02497190158448,-14.503795869538532,-8.577770719621974,-11.303001928022283
775,-14.21275083020779,-14.90452971081608,-8.751330595761372,-11.52090268386093
776,-14.561604219097239,-15.270977755626843,-8.906112493669873,-11.808209714937904
777,-15.018584037293484,-15.537914595860336,-9.04751302897529,-12.147305284015134
778,-15.480991016796356,-15.688777821097975,-9.206046951974752,-12.50582577809965
779,-15.812767898971218,-15.777920325320478,-9.412686092259797,-12.815037686998771
780,-15.91790358441044,-15.912863153968784,-9.66388065681948,-13.025158720422217
781,-16.041094808940247,-16.15150206816167,-9.938741453348488,-13.235809816590285
782,-16.415413540383305,-16.467719155577146,-10.202369952162293,-13.54885532120142
783,-16.756843048356338,-16.821725972477978,-10.429428968215761,-13.88528550202174
784,-16.75409362468431,-17.15474454670167,-10.605061825242663,-14.13978587140379
785,-16.54581748902945,-17.43475851175153,-10.720296399664644,-14.311568368675493
786,-16.36567176180826,-17.655741612506265,-10.779242494553346,-14.426857535789201
787,-16.35952390019294,-17.830002537988555,-10.81189352937922,-14.529061902203253
788,-16.596893372622983,-17.97536183844601,-10.838817847799927,-14.653870274226785
789,-16.853904289976875,-18.101076204763707,-10.865835738621556,-14.738024789044356
790,-16.87252111262283,-18.20047203309594,-10.874403258173055,-14.710956031641624
791,-16.783926657975574,-18.236476752410894,-10.841773660259614,-14.614566024040787
792,-16.77333957197483,-18.17779033012204,-10.783663937475188,-14.512557102635286
793,-16.71272245516095,-18.037913594669266,-10.732425263674612,-14.412662365017447
794,-16.46976592917866,-17.856486977661163,-10.720057211970133,-14.314115712453981
795,-16.126373661907984,-17.68765357700675,-10.735179267215257,-14.216214684615505
796,-15.798386802192837,-17.579004712049056,-10.750618043511276,-14.112883579765144
797,-15.6192863796163,-17.544397959632757,-10.742147387403307,-14.036844462613006
798,-15.665916349791711,-17.566906750637273,-10.6987610593634,-14.00930408455566
799,-15.697705671971493,-17.596264418096023,-10.651866167241284,-13.945523877018182
800,-15.47401902498222,-17.5788567576551,-10.640491541537765,-13.770511865224002
801,-15.206175503551284,-17.4986898550346,-10.667571665343083,-13.549277062964554
802,-15.141793069342606,-17.345372173650762,-10.720159744870344,-13.364159412606552
803,-15.151182739752588,-17.156679877511785,-10.782852164486615,-13.230313730610847
804,-15.050484105837047,-16.935099156864453,-10.836454830780276,-13.12239693514221
805,-14.768159358809774,-16.635382267620958,-10.869138171709702,-12.922661150490192
806,-14.295974359224097,-16.260004482039033,-10.876684200158921,-12.52722185355219
807,-13.880463217437155,-15.849415507348215,-10.855555304833736,-12.025312085048412
808,-13.742697308261214,-15.45962290204461,-10.809139519928722,-11.542285447948835
809,-13.591155107776494,-15.118149487825628,-10.755005049703234,-11.056045340017686
810,-13.10389389819197,-14.83351971800447,-10.710852152867618,-10.530149606070026
811,-12.477297558247914,-14.594742196469994,-10.679995858833868,-10.01851133794168
812,-11.97854417255862,-14.376979641106242,-10.658603422182072,-9.575265926831952
813,-11.60484264502386,-14.162210187521305,-10.642900644212324,-9.21945805674822
814,-11.289911312984891,-13.932787311550694,-10.625284358627683,-8.949723905426314
815,-10.889247366699177,-13.659634012459918,-10.593180698805908,-8.704076282055224
816,-10.283717188060113,-13.323663147288991,-10.536364297695123,-8.415550394259675
817,-9.707541431013642,-12.930834359729074,-10.451609637952883,-8.118868441159188
818,-9.403727566358139,-12.500386685359182,-10.342259083125269,-7.854583693148492
819,-9.152893742101897,-12.067009106454773,-10.220034065994017,-7.538885610239872
820,-8.693166516899494,-11.659899650424162,-10.099600528460758,-7.097028780334998
821,-8.126554655832974,-11.257525230572224,-9.987008083891808,-6.597732754860655
822,-7.610252658633624,-10.841637154151485,-9.885398952935361,-6.129564289705777
823,-7.178790403429944,-10.412472535982822,-9.808005867258675,-5.711054153266073
824,-6.831436405598692,-9.993577303496009,-9.757690161042099,-5.333337813887382
825,-6.435116204564246,-9.565786043261673,-9.704941565964512,-4.943276493430857
826,-5.862336470770606,-9.061466816805519,-9.613700954330804,-4.485761387009551
827,-5.294710139144948,-8.46466929948381,-9.462876353411815,-4.006512828732571
828,-4.955493583505585,-7.882068638748993,-9.272541917631775,-3.6162419346380865
829,-4.531315169015801,-7.474924052275426,-9.113219660062187,-3.293244114958907
830,-3.7659156874199566,-7.294516713340253,-9.026972392367401,-3.0330067377964633
831,-2.9329859837041794,-7.251846287347885,-8.986398504488006,-2.8373182560761907
832,-2.3813653533875607,-7.173967504303066,-8.951448001338276,-2.6755413409537936
833,-2.106915910626537,-6.9743720792658515,-8.900967525595393,-2.5170176045792534
834,-1.9851283817256797,-6.62710132410167,-8.790879370135437,-2.3363598487997677
835,-1.8001984077029087,-6.152074539067879,-8.586850651660944,-2.0636305190044895
836,-1.0994415231175922,-5.74759424044516,-8.13860459386527,-1.4485715251616342
837,-0.38549727171472215,-5.313624848764227,-7.6609636353751185,-0.8156121196124567
838,0.025637839917047767,-4.890669138296251,-7.2254637950428,-0.29416077552191133
839,0.29589628841471705,-4.48309277825364,-6.871971799623314,0.1337973451399163
840,0.6828024432919393,-4.0959425990653,-6.609258543001463,0.5238800779553632
841,1.137660929213918,-3.7367066606790043,-6.408307971513125,0.8537285543850586
842,1.5450771736298279,-3.4420215527751092,-6.232343869301305,1.0950335411342105
843,1.8088370317185227,-3.2235527062624683,-6.054967231009048,1.2364079766168672
844,1.8620846754078895,-3.042806199419909,-5.877390178224921,1.2827050801551247
845,1.9198649822435636,-2.8834858615797305,-5.714042567346044,1.3286899483225487
846,2.225024615510079,-2.73110058284715,-5.561788493054402,1.4735556236319145
847,2.570006560112551,-2.5930996553152155,-5.395791375384207,1.6632310676809035
848,2.672231463726186,-2.484479904301188,-5.217731551316902,1.8118095020175535
849,2.658384658248315,-2.4003101426886277,-5.048515322802724,1.9623490804777766
850,2.732524492640111,-2.3227030646797875,-4.917220826292986,2.175626926884648
851,2.8992036893549593,-2.2253800637731027,-4.826637261174053,2.438490590665424
852,3.1041226423948203,-2.086731623131774,-4.766851360980436,2.7153145228989124
853,3.1886730069737825,-1.897078743063931,-4.7287806623490765,2.932888925602875
854,3.005550715305537,-1.667799987029583,-4.698377936403098,3.032955327506061
855,2.761754979123301,-1.4702923624487232,-4.664194428402226,3.10172827941994
856,2.730998269808034,-1.3526427461808823,-4.616167658894139,3.2597153248382624
857,2.7905313537800476,-1.310167369661198,-4.5251774266914575,3.501652028776943
858,2.746470139056558,-1.2654654582777523,-4.379885036528351,3.784691444998757
859,2.717772896861659,-1.1464303951068,-4.192549846035907,4.115936328350076
860,2.8524831674608375,-0.9573192392742764,-4.006916685589947,4.49691123236479
861,3.1220608665152536,-0.7601799387453518,-3.8571869234336305,4.907284665690353
862,3.4412161935206034,-0.5878908499440125,-3.7326468095242644,5.321392709606069
863,3.597000911093108,-0.4437798157956935,-3.590411936192052,5.676315928124746
864,3.4159985688403496,-0.30304974991298844,-3.4076779219430215,5.92037353003682
865,3.1669213362381976,-0.15605442048197113,-3.2034976024219364,6.105776841183211
866,3.1912087408539658,0.001426106919427475,-3.016790446457115,6.307031602064378
867,3.3768538973731794,0.17807112878942888,-2.8645380438032015,6.51401304306002
868,3.494166157224099,0.3736483580819918,-2.7475566024622093,6.692644787070803
869,3.503847029389524,0.562257680591015,-2.6412294153346147,6.833415419537764
870,3.42095995063163,0.722829649709144,-2.5138787701618344,6.931310898973608
871,3.3733016641870854,0.8701216049786392,-2.360728465178024,7.010733473516447
872,3.5026317530912308,1.0311546047428608,-2.1919308395556407,7.103482170421153
873,3.6178482387677295,1.246441854353433,-2.023418137520677,7.166267830029158
874,3.4900679369004814,1.5249819583396529,-1.8698531381760826,7.156587410950436
875,3.341489164258524,1.8161946485181786,-1.7246159385310653,7.166987424018629
876,3.452336702175328,2.030865068343772,-1.5721985443344293,7.294965401482869
877,3.6987305181396453,2.146193194633913,-1.4045554509487834,7.483301375364077
878,3.8707823602925853,2.223475775598795,-1.2203486080731651,7.632944837823335
879,3.8966310360798926,2.3006761734287933,-1.0320601215305019,7.688736389992221
880,3.7658046279718738,2.359443021283015,-0.8569016668397825,7.627431868821383
881,3.6877660253812348,2.3958541666402886,-0.699155957478527,7.528636122902129
882,3.88124209740654,2.442711566490364,-0.556785245793713,7.490709987568834
883,4.091374574357412,2.5089936397029886,-0.4290125303746858,7.455829241957207
884,3.9900892763861293,2.5539361081820573,-0.31259437121697753,7.3353812411644785
885,3.7535834564539083,2.569939198983937,-0.20254752622985775,7.175910298595832
886,3.6543197917398698,2.549206263390099,-0.09382699949618406,7.0444479190769815
887,3.6493168549131387,2.497330227632891,0.020371299793002368,6.94367727752352
888,3.626338754374928,2.4279630910683268,0.14456888323894918,6.853158857754665
889,3.490311762860585,2.332425578468525,0.2763729261519465,6.68726191543242
890,3.17299460017193,2.2053003276780916,0.40982623408872965,6.37010572484493
891,2.886907389392533,2.079332611836463,0.5360647075391296,6.0136183048368546
892,2.876156349076797,1.9951501117156802,0.6470900977688891,5.76355348755799
893,2.940428458675322,1.9763397336179096,0.7492326949603325,5.5655414361814355
894,2.8075859664072755,2.0237084347270966,0.8509128828976198,5.325477177010075
895,2.626667807901841,2.10835462383792,0.9375570449683928,5.091777715160316
896,-2.8914927947101012,-11.415820900472603,-10.765529415028514,-3.0593973555362712
897,-3.015870644803833,-11.723749516501977,-11.393916257382008,-3.258603996917065
898,-2.9785073154959965,-11.972210736574214,-12.0151623667688,-3.4237392976134133
899,-3.0020283025961856,-12.186480958979775,-12.606979816122852,-3.6196490903985983
900,-3.302970219008033,-12.389060480773804,-13.164099371636024,-3.901744052135138
901,-3.604738706338117,-12.58626322991865,-13.727773580431172,-4.193128709294497
902,-3.59854389380275,-12.76236695333571,-14.336370066460065,-4.406479721048412
903,-3.459384524262451,-12.864330889963513,-14.990490126544174,-4.570776677975026
904,-3.427261335230079,-12.856912669605421,-15.659433880458,-4.740242914934287
905,-3.494054673652851,-12.7432582820353,-16.30453888570769,-4.942708827771854
906,-3.600133049169353,-12.578395153006802,-16.904940160802276,-5.194072178569154
907,-3.622056780643035,-12.43875957139805,-17.453998253255122,-5.446134966386765
908,-3.4608375417497057,-12.364603754829018,-17.934347756017303,-5.64787084103851
909,-3.348835256732182,-12.349628368148798,-18.327325366259196,-5.872571052186503
910,-3.514641747778774,-12.365668272622063,-18.654629688433,-6.1877493528297265
911,-3.7114376755330016,-12.372004756745152,-18.970195280637064,-6.483514628411685
912,-3.655793330511742,-12.327512940642745,-19.303322653017204,-6.642036018797331
913,-3.4678709651334114,-12.238928408946489,-19.65559247267988,-6.710389732661773
914,-3.325165727301708,-12.164351156178883,-20.00459715627915,-6.754540356726448
915,-3.252503978197375,-12.124798174183717,-20.322977666648434,-6.765683613660265
916,-3.228704076585108,-12.122535480840826,-20.58596457901567,-6.720818395610609
917,-3.07502934924453,-12.121101744621697,-20.777345681473754,-6.539746407701182
918,-2.6409573696936643,-12.077548970911275,-20.902046539833982,-6.183872870822304
919,-2.195460957936544,-11.945330627533522,-21.0027713909297,-5.854031568096382
920,-2.0225819693921236,-11.725122973209183,-21.126140267195908,-5.754795796971241
921,-1.9175678157924465,-11.462792315819376,-21.287584439854168,-5.824340439245097
922,-1.6351435087455675,-11.197444013143976,-21.485803991072213,-5.931056993281298
923,-1.2717943729743706,-10.938039325351529,-21.703144879172537,-6.022823364410598
924,-0.9917877668006989,-10.66755652438021,-21.922227776046398,-6.07197274967007
925,-0.9604446438161571,-10.398523649953813,-22.162157361063525,-6.1092196309559785
926,-1.269601133516686,-10.228670695578344,-22.440179897699608,-6.183341238764584
927,-1.6226473755133914,-10.276818087551014,-22.73478354905944,-6.260556194567604
928,-1.7041169776794147,-10.526603920696477,-23.008756192324622,-6.290098573286934
929,-1.703093992073402,-10.830364454370002,-23.211108942819425,-6.2797469376364115
930,-1.8786371831902031,-11.051457945334796,-23.314538512823816,-6.246426489834383
931,-2.1239885926276263,-11.135961915849355,-23.32533208935954,-6.177444408846737
932,-2.293830089226753,-11.087789709189682,-23.293754430800984,-6.071908270478803
933,-2.401800901272006,-10.944156104179969,-23.27461314399092,-5.967092315777562
934,-2.4865941105350884,-10.755280358403882,-23.275200405269402,-5.898866766202497
935,-2.66594367665311,-10.582668002115257,-23.272471232595475,-5.889993682232578
936,-3.0350762129950977,-10.481777038410977,-23.231295424184832,-5.94119957518448
937,-3.3800842576334786,-10.463329682495056,-23.155445238029195,-5.975872662192246
938,-3.494370684103149,-10.486588671977312,-23.0564591888254,-5.9296538987402645
939,-3.617742420679087,-10.493890951148291,-22.96572040797027,-5.885392667164583
940,-4.00497826117233,-10.456950704033815,-22.882711563449416,-5.936206600310373
941,-4.502080621914456,-10.366355785565727,-22.78475998598132,-6.038732181103896
942,-4.888591507448963,-10.230436815642731,-22.642094774067132,-6.122356996716619
943,-5.059051412673162,-10.045957635447246,-22.453745653756734,-6.158169135819355
944,-4.985471863475135,-9.810775889839176,-22.228344581394428,-6.129582261173734
945,-4.932808021412311,-9.534336673034524,-21.967593040996327,-6.076426745423828
946,-5.1481289687896785,-9.230651173470806,-21.66579961579756,-6.033450003645674
947,-5.334760158391593,-8.912461680571612,-21.30897702917457,-5.902527662656553
948,-5.159382548365181,-8.592287367247296,-20.862984673613653,-5.591525947529481
949,-4.814310472439015,-8.293212484692017,-20.291108805871158,-5.176977013679931
950,-4.569157156967538,-8.023408116584525,-19.55111386058789,-4.7655071695153755
951,-4.453425506720594,-7.740044045441789,-18.62936830799584,-4.382166837062977
952,-4.431623952807645,-7.398362109879299,-17.565856904619157,-4.029054234132619
953,-4.33459118903335,-7.000774405292667,-16.431271250553575,-3.678136704923184
954,-4.0152972827394935,-6.571906897637886,-15.304232881765351,-3.3006218024989655
955,-3.7410552675778175,-6.143462928343593,-14.225167048737706,-2.9655432683663108
956,-3.817180857486265,-5.812903340298013,-13.232422573986375,-2.7530556356300777
957,-3.903680675445811,-5.733672694810012,-12.387271032212544,-2.6033289096035626
958,-3.6782552305030993,-5.933454738391621,-11.71467828495487,-2.451093713151851
959,-3.3941948186508313,-6.246564538963174,-11.17536831416564,-2.3392634205145075
960,-3.4026723430499777,-6.492046483982701,-10.735514313572304,-2.314291016182258
961,-3.748924073008025,-6.61553233598858,-10.38642674702251,-2.3543456011388506
962,-4.358640135517703,-6.682540950268496,-10.123277791968578,-2.4136611733359947
963,-5.012107062695368,-6.775253083556915,-9.910664873612307,-2.4035597602940535
964,-5.292276929917056,-7.032296537328166,-9.79123014397333,-2.418931778286381
965,-5.546326094799139,-7.303370510476381,-9.59706686340331,-2.3876511447655604
966,-6.0039108329964925,-7.577997416700855,-9.361000356410337,-2.446883111727504
967,-6.455485754500276,-7.865926507572629,-9.125350745844045,-2.571979159277768
968,-6.630123443788652,-8.154261476383102,-8.90051451052137,-2.6907373422531595
969,-6.623432167132257,-8.397120153849642,-8.67744873750854,-2.7966595610648137
970,-6.616678840840041,-8.582101745056054,-8.43137344227023,-2.8898460069722374
971,-6.7078898849962405,-8.727426465595908,-8.159840121222665,-2.9873693350049466
972,-6.945490812159044,-8.866150764162034,-7.864465538035106,-3.1022849966973847
973,-7.1330054964496465,-9.004784128843985,-7.548271658090678,-3.1275936131692217
974,-7.046715016158919,-9.139631962684549,-7.213089458670222,-2.959654650811919
975,-6.895883543373947,-9.270074582736655,-6.869027796766393,-2.7033489957310097
976,-6.959678328522013,-9.393566793792314,-6.55261635643988,-2.5063631916067224
977,-7.083778505057239,-9.513457947642342,-6.315200782172673,-2.3556578984944685
978,-7.04373879579267,-9.63272685272653,-6.175381912114384,-2.1985171171141373
979,-6.883889871337621,-9.739065204420497,-6.118938121111405,-2.0331166470686335
980,-6.7193988570697085,-9.816714520128013,-6.104252599969667,-1.861679910160605
981,-6.713854672937441,-9.859089530956828,-6.0857251475114555,-1.7316143808184854
982,-6.998938288009873,-9.864919615645144,-6.0226438357018655,-1.6868427731517561
983,-7.342327273140147,-9.839917059213137,-5.891810557213798,-1.6124105657563998
984,-7.455233480933183,-9.792807620085355,-5.689741121203422,-1.3887202284794105
985,-7.513882900668181,-9.725966951577245,-5.432129435028969,-1.1308274315521765
986,-7.776657206982786,-9.643489053432363,-5.143088884231371,-0.9964262000594486
987,-8.128910697193097,-9.553564719688577,-4.837809353810421,-0.9696937726648175
988,-8.387425275640508,-9.475599475134839,-4.526266399367943,-0.9817519352635203
989,-8.509725482157084,-9.43685996904436,-4.218498298015595,-0.9769776096966987
990,-8.507948614651491,-9.46868185792725,-3.921586578189423,-0.9066742513863777
991,-8.562669063822351,-9.565936237806639,-3.6430577125146053,-0.8257314800538004
992,-8.853267618311731,-9.685866501267721,-3.385266249661472,-0.813801670521156
993,-9.196852074027873,-9.79515831451543,-3.159069484255718,-0.7988666277480582
994,-9.328440114343037,-9.884025782883059,-2.9659197641911694,-0.6956640203876412
995,-9.261137919670805,-9.94083482947358,-2.804881841935761,-0.5994750184181055
996,-9.100330258580154,-9.942884954398046,-2.6948828764028905,-0.6273079990600057
997,-8.907478285445709,-9.881714939399194,-2.6453724103718743,-0.7583466428449348
998,-8.743976612881921,-9.782573488563141,-2.656652713261766,-0.9282551241210212
999,-8.616877154541971,-9.674327895877191,-2.70137700394784,-1.0672113595092991
1000,-8.492512746900367,-9.586593939398703,-2.743748178528107,-1.116365686932275
1001,-8.364308099428314,-9.522155742757066,-2.7610558565792367,-1.1395043672585845
1002,-8.233118256295668,-9.467680710661588,-2.747705459829746,-1.2263654845881677
1003,-8.08455793366659,-9.410833122766046,-2.7287744660281086,-1.3111705068862198
1004,-7.908884873348091,-9.341698437300135,-2.7395976473757613,-1.3093507331087084
1005,-7.722353439876081,-9.255185528736092,-2.7953521616606873,-1.2834415437805713
1006,-7.537769891714209,-9.155925276937172,-2.8965566483841902,-1.3229931111340156
1007,-7.328127226766458,-9.065793939805541,-3.030394031927398,-1.4584751917339016
1008,-7.075684484882613,-9.0025325258841,-3.177637472160556,-1.6868627138233792
1009,-6.780908944237509,-8.95318113785942,-3.330232034861834,-1.919512890232079
1010,-6.472024147427853,-8.88648636775093,-3.486250414704208,-2.056536208798919
1011,-6.341357502235912,-8.766620573628376,-3.643018757948328,-2.1450229185648118
1012,-6.535620061203782,-8.562531410439815,-3.7968295423001104,-2.268223928841489
1013,-6.771503189359033,-8.256457874430808,-3.940653008779681,-2.3887399635906683
1014,-6.705095324400622,-7.855256348786444,-4.064614462013466,-2.4518288288747785
1015,-6.402244050804792,-7.4101774000330085,-4.152586125044396,-2.4822667354833174
1016,-6.054510584240558,-6.979326060045975,-4.195789782523054,-2.5155745985831275
1017,-5.785567477075328,-6.579436477803517,-4.210208364522145,-2.5730064613295345
1018,-5.67031465515525,-6.201655877543644,-4.219596991095207,-2.6636274735920176
1019,-5.494640566440103,-5.825471094841806,-4.246810898047505,-2.7222866583398515
1020,-5.013072222960964,-5.429417771997582,-4.300103259691874,-2.6827769137263813
1021,-4.475995629783742,-5.005813347331625,-4.338304971687118,-2.612129733426914
1022,-4.2146561202192245,-4.569722102911612,-4.316186266379018,-2.6012385195913543
1023,-4.090119597619258,-4.179459248809592,-4.2222777110993155,-2.630087755980428
1024,-11.054215312516643,-18.580845371672137,-16.395982396236242,-7.0588003776130614
1025,-11.127742790069336,-18.923136748534045,-16.58736558255632,-7.005938076516126
1026,-10.99600809025629,-19.191699706715692,-16.712252022760918,-6.886773713539557
1027,-10.880109037076016,-19.42148541123353,-16.776278631259437,-6.7827906803169435
1028,-10.988889615155253,-19.66218931611464,-16.792103412540513,-6.767366441663912
1029,-11.089983289865947,-19.9680734480181,-16.782578439185166,-6.778066100165039
1030,-10.924657040046053,-20.362186756532115,-16.77297803362266,-6.740549599010888
1031,-10.71047072178306,-20.781220227598247,-16.78900028543942,-6.718406660757768
1032,-10.692221422371627,-21.13715943841917,-16.848347448428093,-6.779888069695028
1033,-10.759327836426428,-21.37429101145194,-16.943909759246207,-6.885401413647908
1034,-10.742497042812975,-21.472866219507207,-17.058242285269532,-6.977641196187923
1035,-10.509703578440705,-21.48147939451808,-17.19260474233382,-7.007279824695932
1036,-10.005741207060455,-21.470580417855913,-17.333199315721387,-6.9503792882591044
1037,-9.53720501166191,-21.453324805708366,-17.453455461311385,-6.910283745918548
1038,-9.409852190716279,-21.43644235943923,-17.509438452555035,-6.987425258475313
1039,-9.392803718642327,-21.41765861602727,-17.49628241533689,-7.08400092383081
1040,-9.186691089202153,-21.40869527273502,-17.454171974613903,-7.088327461479642
1041,-8.909864572744961,-21.38583438061727,-17.41309438711544,-7.064333524281214
1042,-8.73418470292497,-21.285011228240357,-17.368338501855632,-7.10386835450442
1043,-8.652370601347025,-21.105455061490844,-17.33532621645897,-7.235421142342378
1044,-8.62637897253193,-20.943552403714573,-17.3131959672465,-7.456182485692125
1045,-8.529122216966494,-20.889796250326963,-17.284638214729018,-7.683542636198871
1046,-8.254631940456203,-20.930345770349838,-17.228790634279317,-7.824787974289849
1047,-8.02903431601659,-20.97548711661151,-17.1159813980192,-7.914116499467502
1048,-8.069025575188693,-20.965642953997243,-16.933217191108586,-8.00388965126848
1049,-8.118189603265463,-20.879905581620758,-16.72015408960905,-8.025622432524964
1050,-7.892079821419511,-20.73464575993173,-16.526329823471173,-7.919573877209334
1051,-7.509842787557633,-20.544538045771983,-16.37132122034306,-7.753950793846959
1052,-7.164776852654718,-20.325960113001223,-16.253867432557982,-7.614106575381187
1053,-6.944569500167797,-20.099274373885535,-16.14085681639038,-7.528852507016902
1054,-6.879688546555917,-19.868084915296638,-15.990530224698302,-7.502547518134984
1055,-6.781591740858364,-19.59121833399408,-15.803030147415452,-7.495561905489869
1056,-6.4615966849722035,-19.240258749210934,-15.571550026720644,-7.462865695632697
1057,-6.107760100803492,-18.81180446503962,-15.281518086140494,-7.438654067110607
1058,-5.94861010663878,-18.349394696589894,-14.891519415028823,-7.463185420736342
1059,-5.881874490026312,-17.91065169415149,-14.393551924984381,-7.4957937396239895
1060,-5.760507213413909,-17.50828345466423,-13.83293876995813,-7.48969539419563
1061,-5.594567919750478,-17.15266063289508,-13.227458436966813,-7.442397838420013
1062,-5.416347620084971,-16.827518026554664,-12.596732590934053,-7.366804831636994
1063,-5.301589600883917,-16.506284335453078,-11.947636319323827,-7.309869445045814
1064,-5.303527692781138,-16.156306267710043,-11.278777009381734,-7.305438946633067
1065,-5.221783153883207,-15.72334373643274,-10.605827244388411,-7.279892118049183
1066,-4.873175381520088,-15.17716067474764,-9.938153386991834,-7.150365549070756
1067,-4.473442763684358,-14.569657665238836,-9.250521538531048,-6.950540489967454
1068,-4.269300014798562,-13.970707210257798,-8.514780586067953,-6.732702357339509
1069,-4.167862548243741,-13.403701178545301,-7.724023140018239,-6.47276355331157
1070,-4.02670620500448,-12.868762911710167,-6.885463197061911,-6.153349618052063
1071,-3.8112370605152717,-12.350435400045606,-6.025261901802627,-5.809337994234401
1072,-3.5333415148069673,-11.818728764663266,-5.172561897446595,-5.4876507685338
1073,-3.4100629650302174,-11.252971318299144,-4.334289592847722,-5.268601465131333
1074,-3.611596371582026,-10.640400004717591,-3.5067513294972166,-5.201915412491339
1075,-3.818087842478111,-9.9586824888578,-2.686913871803344,-5.179162412843272
1076,-3.678377636484816,-9.20555985415347,-1.869367000487915,-5.082490708581348
1077,-3.334408391049351,-8.43327084254315,-1.0501688784217604,-4.965435082455855
1078,-3.0192506187826464,-7.698741956953925,-0.2277879094406624,-4.907018368244578
1079,-2.7398629078502252,-7.017582817912016,0.6025086321961048,-4.892502195294496
1080,-2.471537408223586,-6.377738414269675,1.4445384761127074,-4.881502640273032
1081,-2.162137066192818,-5.743084998915815,2.2891455858383614,-4.806269675256799
1082,-1.762223077953553,-5.066527443309523,3.1308788740024562,-4.604613728183582
1083,-1.4610406624100087,-4.313594268840631,3.9958057765378263,-4.328764772315513
1084,-1.4337367178477118,-3.521344139508516,4.8558834419967205,-4.055081944219175
1085,-1.3295644584916435,-2.8098510439724653,5.574548797373049,-3.666353949364622
1086,-0.8351160362078651,-2.240475295983132,6.0630352882449365,-3.0844396713823845
1087,-0.25368721583608733,-1.765645560758295,6.359357391787824,-2.4834780288347136
1088,0.011006644863383486,-1.3573895954770092,6.515504939089793,-2.071430508048755
1089,-0.044088108934072445,-1.048478505064709,6.606555134854078,-1.875602646113836
1090,-0.2884412820459116,-0.8808286427542901,6.680004404566269,-1.8377542466027847
1091,-0.52933577660915,-0.7953946215923036,6.752395013469335,-1.8331696734089515
1092,-0.698992077114319,-0.517243283588852,6.876736482095572,-1.7126547659692626
1093,-0.8197049215849215,-0.24652795649048903,7.027340358997229,-1.5368882803628319
1094,-1.1276149007140712,0.020267853643856304,7.1883275337616475,-1.3978720796812898
1095,-1.4331965341576676,0.2727805238085499,7.34749475300952,-1.243757463040524
1096,-1.48580585153663,0.49920497013675325,7.499221104096736,-1.0017050668911565
1097,-1.407561541254299,0.7191025612809717,7.647243549040661,-0.698919629181475
1098,-1.3927918627452107,0.9555081454102169,7.800270698178658,-0.3895793143255736
1099,-1.4925200262828011,1.1989572988086352,7.967684688897883,-0.14122720121803156
1100,-1.7063531863118773,1.4282884703787575,8.149909642157386,-0.010398030443227351
1101,-1.8661158432065097,1.6253072465000982,8.323833179733693,0.07094801678392981
1102,-1.8015802498504703,1.7766699830109287,8.460639544860825,0.19097067878322765
1103,-1.7570642806643626,1.8883097047579454,8.542143862776692,0.2728402120522845
1104,-2.028219041864664,1.9773518624710922,8.564931261278268,0.21872424179193742
1105,-2.42086763612463,2.05312250207553,8.559379933640244,0.08478172237244166
1106,-2.6501688037607294,2.1199354154164136,8.56132854621186,-0.040608090313719446
1107,-2.7570145843859977,2.1937959109123257,8.568645965560894,-0.1237536875872507
1108,-2.863432267051586,2.2807928738102916,8.565711222046632,-0.15540963439992536
1109,-3.0823791903247226,2.3324794711266215,8.543118522973925,-0.20967363419441176
1110,-3.4964861156410687,2.3219609333647697,8.49862104358712,-0.36384495481939927
1111,-3.8874577511069743,2.2426199910873574,8.458685129169059,-0.5157248738786804
1112,-4.000113558587617,2.155581902066208,8.452719852394832,-0.5369346896501656
1113,-4.030059756123867,2.153243970046035,8.47370623789691,-0.4897915349540854
1114,-4.25357118891516,2.2495969480751095,8.497190275656068,-0.47950454906687384
1115,-4.559127090044816,2.3724427973448052,8.494863848937339,-0.5098318324953065
1116,-4.7641653503884465,2.4686843655769386,8.441609883017097,-0.5623247517621247
1117,-4.865934461338638,2.5257553380952134,8.340303153603905,-0.6091470001116147
1118,-4.910368716299367,2.5573914141130403,8.206592912590807,-0.6215796581090306
1119,-5.057234152221209,2.5633428589254965,8.04228277028227,-0.6774524551908034
1120,-5.448513573657912,2.540130402949873,7.849222676361488,-0.853964767418107
1121,-5.840772344802765,2.463856109997531,7.637883070728573,-1.032743496081252
1122,-5.936856205742117,2.3281560931575247,7.42207204741516,-1.0694083578024784
1123,-5.885322103584647,2.151797163586141,7.226196162521579,-1.0026287390977588
1124,-5.93662591000593,2.0069120129875873,7.07019044754847,-0.9249019290966386
1125,-6.075264039270126,1.9317518405121294,6.944508611873582,-0.8829663389179003
1126,-6.2305433688345495,1.9430246433363672,6.826895700137158,-0.9090370704317621
1127,-6.366493834279478,2.0137970870357855,6.703369850114832,-0.9624426301306745
1128,-6.449811567889645,2.08975011392636,6.563568657207932,-0.9827085448803843
1129,-6.618104893743467,2.1291952148043665,6.39864582796726,-1.0486356432793102
1130,-7.008251085590559,2.1045726881027953,6.207685098282415,-1.2412904682249064
1131,-7.381000026164101,1.990713848452696,6.002355182403737,-1.4273555722691906
1132,-7.456966319210639,1.8023736087325481,5.7982442174530595,-1.445656215228621
1133,-7.391474323233128,1.5850591266480403,5.60196887899424,-1.3265128254845684
1134,-7.42013143448948,1.4319228691069088,5.417667198574283,-1.153950421656581
1135,-7.503991829228128,1.3705123653937072,5.257632304593851,-0.955207660282919
1136,-7.531794055317487,1.39809575024443,5.131907859972619,-0.7462192162131662
1137,-7.361827313298878,1.49020593825263,5.036112316859055,-0.5038996973013264
1138,-6.887005380435849,1.608076647461185,4.961628786399936,-0.19623438595764559
1139,-6.347013287209659,1.730869319915774,4.905379386742298,0.1163759157637063
1140,-6.032052665253484,1.8504828835892702,4.864050116767115,0.3572340652296534
1141,-5.779596057786641,1.9547178755164947,4.833439574677461,0.5489055565766774
1142,-5.342640775945579,2.0350245875231683,4.805337562518283,0.731240420825943
1143,-4.815974756022437,2.099310578444708,4.757435753269523,0.8766492037849072
1144,-4.365228546241937,2.1532381172787876,4.664830122635124,0.9498962966457035
1145,-4.071841510118356,2.1688148314531888,4.517382481467376,0.9348935440278597
1146,-3.970101301095635,2.124752919708616,4.312986030144906,0.8326057136414142
1147,-3.8542249853661854,2.0494265221861445,4.048990243747114,0.7186558036065666
1148,-3.494621203895475,1.992756911227601,3.7306467160243515,0.673563775616586
1149,-3.103156968220034,2.018304217951719,3.3758657642640486,0.6436507722606696
1150,-2.9590060671723313,2.1659467841416378,3.0087625889668175,0.5522344630597608
1151,-2.870411538871761,2.3871473801583556,2.658236624190592,0.45945662505090934
1152,-9.378464580383314,-10.977340579674888,-12.503972988724334,-8.570644099925243
1153,-9.828707792151752,-11.299939352076558,-12.805927199693166,-8.834636688219328
1154,-10.165540795717858,-11.623569633633304,-13.053115043169873,-9.06884636870171
1155,-10.588777306720948,-11.954303461658142,-13.283728056677134,-9.350905026079682
1156,-11.275651018168247,-12.301527577259813,-13.53845467194258,-9.74168580991186
1157,-11.97759425018862,-12.683853679097666,-13.815699238359652,-10.182905119072661
1158,-12.426756944469437,-13.110179520479225,-14.09927051301399,-10.592947987232105
1159,-12.860520342781328,-13.563628163302084,-14.381758198194454,-10.97287503174337
1160,-13.542914437653959,-14.010050800087994,-14.654758172944284,-11.341330293245147
1161,-14.335810046682003,-14.396242318237165,-14.914074534681934,-11.692123744237435
1162,-15.028226684808075,-14.682944890777417,-15.155437046460904,-12.022878180035097
1163,-15.466148033551315,-14.879840196387669,-15.360119168387385,-12.32250579792893
1164,-15.57205839049381,-15.022495219756328,-15.510406192530054,-12.57930950077628
1165,-15.62581769794852,-15.166182193368769,-15.604985774905622,-12.835609811474404
1166,-15.915241008852488,-15.350342597508552,-15.650700002273087,-13.118882769191622
1167,-16.181350866841516,-15.536392979914854,-15.65920629909702,-13.33229007389072
1168,-16.120818143691896,-15.670598233051138,-15.64271396346052,-13.385941372652859
1169,-15.941821232288548,-15.755897279368467,-15.60414213723748,-13.339579789586166
1170,-15.899005019633853,-15.811649392741002,-15.541759912074083,-13.28149481144553
1171,-15.94188524849912,-15.851723300321916,-15.456263711710152,-13.245927331929137
1172,-15.962240973338307,-15.886671297931981,-15.347163259847232,-13.239590116743262
1173,-15.822197123887069,-15.902725926553428,-15.210443683498267,-13.187872633805771
1174,-15.430459422836254,-15.87945933870159,-15.043340268360506,-13.02074858027204
1175,-15.049711696747536,-15.814944351830146,-14.848244133004934,-12.839622822717715
1176,-14.950215340111997,-15.717494991291826,-14.630421231926565,-12.754347420664603
1177,-14.917226880174036,-15.598133623837363,-14.395003730439669,-12.682091452331504
1178,-14.689325367959208,-15.461810504592894,-14.149739318606906,-12.524883565755452
1179,-14.391732459333385,-15.35930532932607,-13.906472873713918,-12.326067129483489
1180,-14.199294148500687,-15.288775366758818,-13.675796860373444,-12.15177524747605
1181,-14.154892166884762,-15.219243406046107,-13.467123489262896,-12.04260886594437
1182,-14.24760680551549,-15.111727281699315,-13.282993991152951,-12.020028388962722
1183,-14.258856740482061,-14.97041236826552,-13.106793471682403,-12.002271227542959
1184,-14.00246285903885,-14.814328628186438,-12.924270314732738,-11.912686985639457
1185,-13.761382117657782,-14.642647600881006,-12.743306156411165,-11.857128305978483
1186,-13.846813574310259,-14.463017375217522,-12.579239003804291,-11.952054729947186
1187,-14.08901514421463,-14.316102329074097,-12.456332684206002,-12.134535285492905
1188,-14.242732037352345,-14.23607970569935,-12.383975553563143,-12.309958400492617
1189,-14.307222946337271,-14.224146513912267,-12.314115075351154,-12.467956512910987
1190,-14.327500814225855,-14.258099889793176,-12.19355162225937,-12.60780563315279
1191,-14.389020631977276,-14.285783239351609,-12.020496222701622,-12.729002450215127
1192,-14.567459517026935,-14.256721071461483,-11.814915191333586,-12.834144118544506
1193,-14.662369671643518,-14.166436808292232,-11.602101633528697,-12.858408666719555
1194,-14.492768270438837,-14.031196827886545,-11.408056720975425,-12.756748734477616
1195,-14.339242899285454,-13.861502118726188,-11.23341199919521,-12.639873844464928
1196,-14.490947757708772,-13.66682606430508,-11.064924724260074,-12.61994546433798
1197,-14.783540124080345,-13.453701170649198,-10.902378170173453,-12.654522434316373
1198,-14.96834357659624,-13.21577990422671,-10.73332207281533,-12.655291880706274
1199,-14.935593309225771,-12.929257668939258,-10.509670019262398,-12.552957678431145
1200,-14.646445289108524,-12.570598830708965,-10.18455898409806,-12.296960503705765
1201,-14.309991642390194,-12.123640708782132,-9.731986615510353,-11.92003028414547
1202,-14.12837220316318,-11.587970388731057,-9.154148547872573,-11.482203419713763
1203,-13.828045149567087,-11.009300974086948,-8.514697371577098,-10.967695117582204
1204,-13.116239636598275,-10.415689408878084,-7.882614710674297,-10.363651749631986
1205,-12.202804241432508,-9.804941388299623,-7.251178160390651,-9.743262023379351
1206,-11.370135673497956,-9.132096111108137,-6.5976918887503695,-9.177526061849163
1207,-10.644013285082783,-8.354324442880955,-5.94803557541146,-8.676537458008523
1208,-9.986987864337877,-7.50776930302868,-5.325569451829203,-8.219873057653631
1209,-9.28181484629606,-6.660601217428086,-4.71679312399062,-7.73823596251088
1210,-8.421788393741126,-5.886904363005628,-4.099010432491116,-7.165768611612545
1211,-7.628311156219763,-5.191851246053041,-3.4505916549161575,-6.553626790705474
1212,-7.140226084645422,-4.563782325729457,-2.7786570300061406,-5.988378430773674
1213,-6.621693662019883,-3.9961831527958886,-2.1216493107424887,-5.39798619310413
1214,-5.762576540909493,-3.490946438418101,-1.5380111966484662,-4.739328925973085
1215,-4.909578829463427,-3.0278716937295065,-1.0436949270147005,-4.152024362943866
1216,-4.476690322114046,-2.591879609684901,-0.6285802611747697,-3.775167370427391
1217,-4.326494710802231,-2.2205671601012753,-0.2874304219769409,-3.582296400778861
1218,-4.21321198497252,-1.9470650750677292,-0.012059198135052435,-3.493994561752513
1219,-4.0760914835706625,-1.7349871699857975,0.21070879130790868,-3.4412008369076283
1220,-3.93337208837012,-1.6018142691958925,0.4375414136556712,-3.382433741732564
1221,-3.8944292258716446,-1.4616234884234933,0.5917838241925066,-3.2980394963097464
1222,-4.1375619927671,-1.3127395620359625,0.6580832194162628,-3.229205297549972
1223,-4.418687016283765,-1.1666246140816787,0.6496030798454299,-3.1601111490054135
1224,-4.429225097078763,-1.0393682635644048,0.5948309683553762,-3.0703340645064623
1225,-4.276623890013732,-0.9408577130474548,0.5257475432126112,-2.9928661787312163
1226,-4.16125153201185,-0.870614299226929,0.4663735077352623,-2.962957652884876
1227,-4.09087408505094,-0.812086455981242,0.41103680396982395,-2.9876121325182527
1228,-4.028773386745296,-0.7415630735309975,0.34208803477932304,-3.055794163434147
1229,-3.850169836099706,-0.6403035761946826,0.2508890671210513,-3.1013549939364995
1230,-3.4434981732627654,-0.4979617280187446,0.1392953581623581,-3.061740094285694
1231,-3.071561068995165,-0.31728538756206126,0.034277392127482494,-3.001042489084355
1232,-3.024542351917273,-0.10955803150317155,-0.03058199007282934,-3.002476977857399
1233,-3.064480460814481,0.11005526959350082,-0.052129155882912837,-3.0155899898129905
1234,-2.858101905448943,0.32985582405853775,-0.03796406170589099,-2.966524535019621
1235,-2.46191987959132,0.5566730384799753,0.023949856821184327,-2.855508734119854
1236,-2.039468545239073,0.8017511558729375,0.14108317826473515,-2.706828186037324
1237,-1.7198423172043067,1.058812303259076,0.28978486555852606,-2.5936919644231455
1238,-1.5991002963737844,1.3168152197777752,0.441193393478026,-2.573613217417523
1239,-1.4799513096488883,1.5698857537366624,0.5858865611351848,-2.5264987841037363
1240,-1.1218298715129718,1.8120477794599312,0.7224900586152884,-2.306860233165075
1241,-0.7343587631593592,2.0486007490501725,0.8536897020859167,-1.9592008509900076
1242,-0.598727190977944,2.2824445856982125,0.9849300593695491,-1.5886144989960238
1243,-0.5717448072389275,2.476210311665663,1.109078983860035,-1.2361063124696194
1244,-0.4338699377971009,2.5970176011287465,1.2166572306300472,-0.9306648999948179
1245,-0.1925460189438522,2.6789244817782722,1.3216858655842567,-0.6807710765467013
1246,0.08724868513105077,2.7751013083587623,1.4383829306729372,-0.47560286339621766
1247,0.2661932785959241,2.9101007997360298,1.5426034479155994,-0.35649577161015267
1248,0.2206664241866244,3.0906797980210508,1.608249177489923,-0.3565223084061703
1249,0.1887152460965998,3.2930334658960025,1.6528458130144168,-0.39108696318881836
1250,0.4423837903888145,3.4751094051814477,1.7018437332923868,-0.36226217414739326
1251,0.7486602512956817,3.6302277651929593,1.759554461955555,-0.2869144206730849
1252,0.7873342968642563,3.740041973878851,1.8170113435147544,-0.21913274057349127
1253,0.6337500228474799,3.771522989526947,1.839702791723954,-0.1799049462589093
1254,0.4662244924635959,3.6759423590153935,1.7929795996316225,-0.18333114677391316
1255,0.37953473062508003,3.4722968926597537,1.683393360489234,-0.23137228066692755
1256,0.43345186834332583,3.271200504204015,1.5373424648332499,-0.3104034318181986
1257,0.4900668639986516,3.1702854959647095,1.3851254564434103,-0.41971557938362614
1258,0.366908793233162,3.171897366391628,1.2507008587720896,-0.5613078810141174
1259,0.20073830857350547,3.2090256611789103,1.1197932056412343,-0.6996831099340897
1260,0.17172193850939577,3.2229159204770035,0.9675820075655508,-0.8088083896803882
1261,0.09986893679110259,3.1945114289484273,0.7990230542442279,-0.9536612665196647
1262,-0.22895541884110432,3.136898794122596,0.632354894365728,-1.198706041930624
1263,-0.7299625745605084,3.050013055385986,0.4906132148176249,-1.4991543169737747
1264,-1.2384699916527986,2.937522537236391,0.3947288185300484,-1.77239484296506
1265,-1.6041120004794556,2.812270754009479,0.34239623809034475,-1.9410399791828685
1266,-1.7229230608474069,2.684778217382443,0.3195723118507837,-1.9561132077884094
1267,-1.7980695226601604,2.5645824017650916,0.3130496575074227,-1.8886747010353844
1268,-2.0757873135130116,2.4562958654455653,0.3130448908623926,-1.8447157240392367
1269,-2.354373324508221,2.3468570253484713,0.3298840550767298,-1.8163794897793744
1270,-2.3627335973960837,2.2206551815149322,0.3744018200599108,-1.7690914457862073
1271,-2.2376337264047903,2.0832747082887115,0.42750263197611393,-1.742903436058684
1272,-2.1960388506480153,1.946587050617941,0.4624930002785066,-1.7775954307932254
1273,-2.2851447934744042,1.8108025757854251,0.46078051490200544,-1.8709808810663406
1274,-2.4862653623964657,1.6774430812955867,0.4176166699214472,-1.9987705707122982
1275,-2.600316778948261,1.555122371995464,0.36756083727252875,-2.0810587741227606
1276,-2.4180599375756833,1.4573497468587557,0.35421724258694454,-2.042434320238656
1277,-2.159495547219802,1.409661612356388,0.3825606531292269,-1.925147283061144
1278,-2.1063715001236796,1.430873605225459,0.44198909575538686,-1.8055617218316617
1279,-2.0391019836295365,1.5141810146682861,0.5291016156581339,-1.6839354263360482
1280,-9.25323487468645,-9.409073908186766,-8.423515348534643,-7.155210680720504
1281,-9.462179477878673,-9.862877674865178,-8.75412027476991,-7.2317448759778395
1282,-9.647815856863527,-10.34205361495383,-9.100854101179303,-7.295413892963317
1283,-9.964139546218355,-10.802701077944324,-9.447454867408439,-7.410362312453573
1284,-10.525537797585649,-11.217831426749491,-9.777473504767768,-7.620443789119173
1285,-11.113697681082678,-11.60797698853165,-10.096660656755107,-7.876311025835899
1286,-11.486937551139805,-12.007702382909342,-10.413017720975965,-8.105826745975934
1287,-11.805861390366264,-12.423630879595622,-10.721580798270319,-8.317206783488233
1288,-12.266569033761366,-12.844378899430483,-11.009807663810998,-8.530843584139477
1289,-12.748457797729317,-13.242483107817451,-11.255447053095905,-8.7053323941775
1290,-13.09992765460331,-13.588841831054475,-11.434479369440169,-8.817035373640753
1291,-13.285348124345088,-13.871640302055859,-11.536406761945317,-8.916693111841994
1292,-13.325861451446746,-14.103977700554905,-11.561191046200662,-9.06892591246091
1293,-13.439622730887972,-14.331519375304461,-11.507332921143059,-9.336324336384504
1294,-13.817962752630418,-14.60406359904801,-11.385337750612276,-9.743662828271734
1295,-14.224976413188905,-14.956427617295692,-11.240220305753233,-10.191291601272129
1296,-14.390748530654685,-15.389441042368619,-11.111572121794962,-10.566408233924
1297,-14.475677566621107,-15.82928294537815,-10.989909624719377,-10.884629943416492
1298,-14.682556579367088,-16.192299126260075,-10.85343644936535,-11.194331710114126
1299,-14.949440763312332,-16.471179065249846,-10.69420326594593,-11.492542982559248
1300,-15.167217676901366,-16.682734151218263,-10.515611618010219,-11.775022017133836
1301,-15.195441523139731,-16.81489169517576,-10.350485910034664,-12.040293582773042
1302,-14.950114845777948,-16.86686141330056,-10.23172662420982,-12.280212769803263
1303,-14.724566071304361,-16.86856933384401,-10.153782848211819,-12.53063245005657
1304,-14.810070154463661,-16.853799953312855,-10.09728862847601,-12.808868478394475
1305,-14.954248361325986,-16.856250722258665,-10.042282356084089,-12.994045964784183
1306,-14.855118477419678,-16.893654154459274,-9.97990868576238,-12.981109699098488
1307,-14.666500021705154,-16.935246345665828,-9.940242289568786,-12.863766067045118
1308,-14.598998010878422,-16.939295915823685,-9.961067729765675,-12.766150240242345
1309,-14.669283813470289,-16.90110293003152,-10.054635969762833,-12.705334938896982
1310,-14.835899799898352,-16.827423281627613,-10.21524482718998,-12.663865987613734
1311,-14.903117169866205,-16.711840143930313,-10.41417732747461,-12.569725575553168
1312,-14.702446815281839,-16.558784535055675,-10.618024943533255,-12.36905017452506
1313,-14.481434377212565,-16.392952950847025,-10.819709941408577,-12.19724185301882
1314,-14.514485343429149,-16.24107859202151,-11.022156804423865,-12.193195713486332
1315,-14.616198966442852,-16.13410640603205,-11.221974548627623,-12.27436082527786
1316,-14.549846041330788,-16.078970102596074,-11.416307237190187,-12.313275710026458
1317,-14.392628326481459,-16.019683060594165,-11.601641123898128,-12.28017646817915
1318,-14.261597952784818,-15.890298403688945,-11.774098165199737,-12.171834149577812
1319,-14.196731319120007,-15.657671943337286,-11.933457551061874,-12.018516588265609
1320,-14.207155896003716,-15.325346823778835,-12.081420164183468,-11.861915684261707
1321,-14.1119949352077,-14.962981575846655,-12.221731250045673,-11.655022944728046
1322,-13.75910149687878,-14.649476723630496,-12.355450543071454,-11.352018432657534
1323,-13.41436366503504,-14.396793551051497,-12.475220792486708,-11.044234639063918
1324,-13.358024208245977,-14.186759830220375,-12.571926017120429,-10.82155668659164
1325,-13.420686012618512,-14.002341915763102,-12.635870050518413,-10.627409476146335
1326,-13.37081634436215,-13.819917125180844,-12.662556052393194,-10.387065195813658
1327,-13.2197844705698,-13.624337815189799,-12.67115411186741,-10.103271886478298
1328,-13.039304058170854,-13.410234687210796,-12.678021553587843,-9.803820960055763
1329,-12.95891159437564,-13.166783119932525,-12.662416930307957,-9.548250564592827
1330,-13.083348728797375,-12.896493842236637,-12.60450390172307,-9.390536089609757
1331,-13.2368373165945,-12.633676373723016,-12.51170192485396,-9.28458478099424
1332,-13.220464312508078,-12.415435144667736,-12.41148078781192,-9.1685389685469
1333,-13.148332552243984,-12.263310792905205,-12.365514685485493,-9.07832616038385
1334,-13.179987461518417,-12.173721318603782,-12.424010010009367,-9.052845077589277
1335,-13.280070331612176,-12.098230495055676,-12.570525237152639,-9.047590244597936
1336,-13.377425000508213,-11.977455668708698,-12.753903603151501,-9.011509986065878
1337,-13.446036871480052,-11.774701796491074,-12.912560163882736,-8.923262542649947
1338,-13.457011024681277,-11.477141819708413,-12.992788798464181,-8.778576240575664
1339,-13.398522880406627,-11.111183317688093,-12.98184467105967,-8.639545394193236
1340,-13.301078591728626,-10.739161988181362,-12.923370435068277,-8.574222090920351
1341,-13.12151367493308,-10.384520594085343,-12.903769125255618,-8.481486853783938
1342,-12.844665655799044,-10.07252495500651,-12.964904960056904,-8.278315947528808
1343,-12.674045659958587,-9.769333824327239,-13.109352674185377,-8.10094908891338
1344,-12.783634835267792,-9.43233975259078,-13.297116932384474,-8.098989226274584
1345,-12.937809343513884,-9.122237650571417,-13.501065456146408,-8.223239539838714
1346,-12.843643746175104,-8.898902012609726,-13.721222768184917,-8.362164458292803
1347,-12.475342512862495,-8.699863757273574,-13.885163151084683,-8.4142068061138
1348,-11.768675577390278,-8.332907987040953,-13.691092022979156,-8.111970929855982
1349,-11.117622197395246,-7.877797442744464,-13.49458258312792,-7.747149917166848
1350,-10.765914803894864,-7.32791125109191,-13.328688853269423,-7.445695284941179
1351,-10.472379614934392,-6.743023028287065,-13.19530821571729,-7.160651200596943
1352,-9.916503928409178,-6.2011652685588,-13.08104962256182,-6.808561938780796
1353,-9.275751876030695,-5.724257433973984,-12.976793808843444,-6.444318903044731
1354,-8.81425709703574,-5.3026522866069055,-12.866526830775332,-6.136857910697185
1355,-8.494995018024882,-4.921999719492905,-12.71850977420645,-5.866192100598268
1356,-8.198719340362198,-4.556045822240238,-12.50729532027272,-5.594726387256737
1357,-7.739678951366354,-4.172006915075033,-12.231502573848585,-5.27537552313846
1358,-6.967051428765316,-3.751407115515311,-11.909145384464079,-4.87851416387384
1359,-6.146342375559581,-3.304060627228049,-11.578540506476319,-4.502286785051647
1360,-5.612091130646029,-2.85798347162884,-11.280105673479728,-4.256672130816436
1361,-5.200997532623415,-2.4550336016769307,-11.031003464720571,-4.082580674056372
1362,-4.64456646119889,-2.1289606259601856,-10.828127539942809,-3.875431752657075
1363,-4.021239735291388,-1.8695863493062987,-10.649616328133373,-3.619540887583559
1364,-3.4707304668733916,-1.6459469154865671,-10.465280660850683,-3.327765334098089
1365,-3.014608281867413,-1.4384933499845955,-10.257511374203611,-3.022955952636879
1366,-2.650137644564613,-1.2324779575769382,-10.0180974394193,-2.743011353459871
1367,-2.2328599815844066,-1.020001525880281,-9.743046365029041,-2.4846942306974
1368,-1.626162775713215,-0.8056633560039914,-9.437090501978188,-2.236848373325357
1369,-1.0889292460982496,-0.5920340988587136,-9.109376971029889,-2.0637152964836223
1370,-0.9138062303016073,-0.38971678204124416,-8.776538940492314,-2.0204310480690424
1371,-0.8935910011091992,-0.24877805083104232,-8.470644550139022,-2.0420376321312146
1372,-0.720162425541189,-0.20890141514383703,-8.221982625288542,-2.0373887641551214
1373,-0.39818303482693596,-0.23428731916404424,-8.044322985556285,-1.9728952905326422
1374,-0.022971476913617922,-0.2613955069861696,-7.931253368785086,-1.8484391084579743
1375,0.27394020384615914,-0.24251364818805238,-7.8471603225334645,-1.7331895710419174
1376,0.37501853942141417,-0.1476174097796995,-7.748032580339459,-1.7057373875317388
1377,0.4960031168743414,0.00446420273644052,-7.603427025171682,-1.7042242691825917
1378,0.8936957150015223,0.17471391509450285,-7.402565340740017,-1.6420741090805655
1379,1.3382067727883002,0.361459756445131,-7.174372833459953,-1.597505037991596
1380,1.5263888540145267,0.5703802504069385,-6.957682148254264,-1.6606851191425038
1381,1.5959369107860208,0.7839119606034857,-6.751274076759348,-1.7556642095717048
1382,1.7742860913774658,0.9812491780904424,-6.539454328340301,-1.7751450855394595
1383,2.0939011001670913,1.1389412310054807,-6.323267965646317,-1.6835095466724117
1384,2.525555532130101,1.2427764196989175,-6.105589762847768,-1.482800589562677
1385,2.913197582074546,1.3198467473080435,-5.883281094220304,-1.259892296920577
1386,3.0897786470385524,1.4103158603852923,-5.657377849738175,-1.1144737751232892
1387,3.2349885922880453,1.5245323288345618,-5.435122740303393,-0.992670003130595
1388,3.5764288845502863,1.6600596307492368,-5.223734177272184,-0.8092676698756054
1389,3.9149095496174935,1.825200482338442,-5.033235677849799,-0.6215870576014106
1390,3.9943427987557105,2.016789687435156,-4.864741514071655,-0.5067822770587512
1391,3.901897024842776,2.194885880005618,-4.68842675018833,-0.4550438384240266
1392,3.8125076837937777,2.3155670686408025,-4.470136599871104,-0.4279292105406578
1393,3.866553190632762,2.369749024635283,-4.202106785248205,-0.3515382618535803
1394,4.153261440879688,2.3625417407729783,-3.8929426622238568,-0.16062342029403698
1395,4.448595987047848,2.295777483772608,-3.566762761634764,0.07383180639663439
1396,4.482721566259188,2.1786109517956835,-3.2494910081503603,0.24710872302776132
1397,4.449169613810801,2.01611203255066,-2.9388954678701946,0.3913231287994176
1398,4.622189630275792,1.822535053274833,-2.619604924062446,0.5599528314455876
1399,4.8570923590169,1.6614614815933921,-2.2870948426138833,0.6863468047889918
1400,4.940459339078624,1.5924572676217632,-1.9376952163755827,0.6982863188135353
1401,4.889616028854309,1.6030009934893932,-1.5576545223902218,0.6164878120231019
1402,4.787418531090338,1.650145849810918,-1.1373803186761158,0.49300217132808166
1403,4.7963757486542535,1.6931726236790314,-0.6891777928739524,0.3936748312461378
1404,5.063506112294735,1.702393547339923,-0.22804878763914466,0.3736560835266237
1405,5.3969341212837625,1.6948544602266302,0.2523881043430205,0.39544416994534115
1406,5.543696101216493,1.7061328827347737,0.7620019061671057,0.3892450199042382
1407,5.645067341298619,1.7475450300431419,1.2981067123029886,0.3602893296268824
1408,-9.818412010213361,-12.433182040649234,-12.294536397823995,-9.393256671197841
1409,-10.164463352640334,-12.9097032983777,-12.703637296202151,-9.619242478825827
1410,-10.492538633748563,-13.395548103452994,-13.137893160351515,-9.859447673600755
1411,-10.933504296973496,-13.91092328590932,-13.579479903823536,-10.152741187351356
1412,-11.58593559914636,-14.468188052257071,-14.015885943635514,-10.514604564639047
1413,-12.212489666332292,-15.006522655307233,-14.455878232020897,-10.809946663429752
1414,-12.574000061373612,-15.466597265582775,-14.915788687391014,-10.917297244002112
1415,-12.89519365004794,-15.860107795045437,-15.41148494814811,-10.936552796052682
1416,-13.433602673749371,-16.220497250179175,-15.945912963984357,-11.009557444060249
1417,-14.049933066689965,-16.580057163840955,-16.487243674058032,-11.163681093471192
1418,-14.549086635035842,-16.957623805235837,-16.996114987056316,-11.387862858175186
1419,-14.884095639473728,-17.317332273103528,-17.45399744165248,-11.633416560796103
1420,-15.061020753809762,-17.61179695490629,-17.857476977682456,-11.842101117243487
1421,-15.25839500662236,-17.83175932575519,-18.221283179869086,-12.056319874207976
1422,-15.63730807826339,-17.987727892838734,-18.565492742635715,-12.324365502227174
1423,-15.952602247737257,-18.108762338286443,-18.893953236136497,-12.556074431258725
1424,-15.9457804421967,-18.222386492989827,-19.200930038472507,-12.66160545015195
1425,-15.83252186060386,-18.319289398472776,-19.47819657522863,-12.699930628344712
1426,-15.87173395789503,-18.376044125648082,-19.71411488083889,-12.74116704122295
1427,-15.9858724997949,-18.37479516748326,-19.89748007140403,-12.758460988179618
1428,-16.038735437346833,-18.31021812562986,-20.022037477983808,-12.70435659936182
1429,-15.93396034299626,-18.206053216479063,-20.089082362807982,-12.522774118446419
1430,-15.616046817955226,-18.098694433723367,-20.1071980142133,-12.177868853490644
1431,-15.312068983520318,-18.020206895951482,-20.091034500813908,-11.758599676581355
1432,-15.232206639076756,-17.988423989650265,-20.05960964979575,-11.361569258166721
1433,-15.067341913980606,-17.98995101189919,-20.03264572844943,-10.919628148429245
1434,-14.494638456580471,-17.999081745192495,-20.028310132640783,-10.353988289151264
1435,-13.754857773087952,-17.99800190084097,-20.063314587783836,-9.733582178067245
1436,-13.150666679169143,-17.977617284379534,-20.145790565550648,-9.139314959679071
1437,-12.645762358952346,-17.948243619345007,-20.26694548855993,-8.57090556895972
1438,-12.126427391578757,-17.92263587006156,-20.408481119716292,-8.006763158713431
1439,-11.429210985244506,-17.890007922578587,-20.5531938705434,-7.390169707880711
1440,-10.435936828628382,-17.83218607476601,-20.680867664654873,-6.678538786612479
1441,-9.428195471463846,-17.737035373232185,-20.76312831249211,-5.970511083337643
1442,-8.703851714405598,-17.592106116365184,-20.77681837085199,-5.372001637035881
1443,-8.030880828960079,-17.391993281086314,-20.714767976304934,-4.809087683807903
1444,-7.139159207194256,-17.13031299707426,-20.57807980845054,-4.196573542233192
1445,-6.205238603778452,-16.780338572578476,-20.374290085611598,-3.612980113875923
1446,-5.471995015463741,-16.326041822738148,-20.10941375308906,-3.1485578983028413
1447,-5.023105622038758,-15.789553674049642,-19.77100959498955,-2.798596949167843
1448,-4.877365177246376,-15.214460432808888,-19.345956374685255,-2.536253458372766
1449,-4.8669174995142495,-14.659017210475888,-18.843533091607284,-2.305369312681554
1450,-4.8152293645835025,-14.16959243458868,-18.277619192520678,-2.0722111778193524
1451,-4.897387570221044,-13.753431252067074,-17.651310347122536,-1.955528167858299
1452,-5.312539090540901,-13.386314636090919,-16.9666952105897,-2.0827274476581463
1453,-5.8780416845441446,-13.006711572298077,-16.229145816218796,-2.409852772286845
1454,-6.389188776654472,-12.562445896954529,-15.446274104271803,-2.863475266459962
1455,-6.931452631573224,-12.073806051630324,-14.62672654069807,-3.4538394862137154
1456,-7.627273044040337,-11.586757484704485,-13.782538384635943,-4.207173861001632
1457,-8.541537698924625,-11.127388595323879,-12.936308457540662,-5.174375733565055
1458,-9.683619814254131,-10.711036560806766,-12.100185253018006,-6.387946412942586
1459,-10.792488042579272,-10.327986895075053,-11.255970415745686,-7.7372195475284595
1460,-11.641082550363578,-9.953296216056227,-10.372144747097755,-9.100140109375118
1461,-12.5127864050929,-9.584265252217365,-9.410571371397968,-10.529232274548306
1462,-13.731699960919302,-9.209637554505722,-8.346069945411168,-12.085101119806012
1463,-15.163171025588642,-8.767477988855585,-7.200058931641654,-13.671439508053846
1464,-16.584422497816785,-8.203782705374445,-6.008073165970647,-15.183582473363186
1465,-17.925729050228185,-7.527025963290948,-4.782849985456337,-16.59413364268877
1466,-19.163183438592846,-6.777687401942432,-3.532084772759617,-17.92270562094398
1467,-20.424895127835516,-6.003883367586083,-2.264318656914068,-19.294864245270727
1468,-21.821539297277585,-5.295759239966212,-1.026771011589984,-20.816057317192843
1469,-23.109458306945548,-4.730975327643451,0.11002602979136866,-22.425529178099588
1470,-24.056856947026127,-4.378948944583461,1.063574429756563,-24.013979280825076
1471,-25.050086659457488,-4.21189397735543,1.8286060936051964,-25.688435956431498
1472,-26.523411631693378,-4.156171029465403,2.452014791223228,-27.54665433596824
1473,-28.278140167120632,-4.16819767170886,2.995758590048956,-29.38999731471951
1474,-29.97626182525265,-4.208291873164114,3.5187570342470442,-30.99826836987504
1475,-31.539036001486974,-4.211261883701724,4.049237949334514,-32.392618962170836
1476,-31.68492791038842,-3.5863557417067926,4.554816484132624,-32.42641923203237
1477,-31.911268279552765,-2.9495012270979,5.070612563475805,-32.513415395084394
1478,-32.368369899918186,-2.3502054900246208,5.574244351242151,-32.72025426833628
1479,-32.84122726825823,-1.8435833221919526,6.023900075041802,-32.97457654214741
1480,-33.063380905040304,-1.469692739703734,6.379560216851584,-33.17204936926482
1481,-33.17389970261991,-1.2177928749888067,6.626794577729989,-33.369894426468726
1482,-33.38792317748293,-1.0419088081756687,6.778258828707277,-33.64367773181781
1483,-33.67273308814845,-0.8842694574828842,6.877063031661753,-33.921400787359
1484,-33.93480769516864,-0.6918081796901348,6.9772547430025424,-34.108980798721085
1485,-34.04638994100588,-0.4361180875079357,7.121034278299306,-34.164938511515786
1486,-33.908109392404896,-0.11711727548665554,7.326451548965405,-34.08958468470875
1487,-33.760690876973825,0.22564582976496014,7.5690593889811435,-34.01739695256993
1488,-33.87814414985135,0.5522992944614298,7.80512281200663,-34.08593321439207
1489,-34.03298247728797,0.8801240404652972,8.002963733879687,-34.203008665005854
1490,-33.908907850862875,1.252143709839919,8.147917962015045,-34.212764051468184
1491,-33.61803987486684,1.7015981021524398,8.25201583361068,-34.09991423948503
1492,-33.35507764128637,2.2482669700554094,8.344252849361117,-33.893727885458134
1493,-33.119122895036874,2.8841739603728467,8.454238078027185,-33.61015472654718
1494,-32.8639190712455,3.5709360731662914,8.601043730622862,-33.28371567862907
1495,-32.43935141409339,4.245828180647088,8.777718397968341,-32.925059560499264
1496,-31.71454071005019,4.844776042598029,8.961453442107642,-32.534913223367965
1497,-30.959078712436874,5.323576731284796,9.127199808042233,-32.19334753841711
1498,-30.489940310492923,5.672243566972172,9.256212540063364,-31.958902172090166
1499,-30.122455816727847,5.935031053178704,9.351162028026758,-31.702934082016885
1500,-29.571693930025457,6.1773096449090765,9.427498907672552,-31.274979395474155
1501,-28.891639247108525,6.444994218360897,9.501718355049002,-30.694263199238293
1502,-28.213236144377113,6.757369629757258,9.5885867317764,-30.043228793403816
1503,-27.62985217958112,7.0921029595358664,9.686182042188396,-29.41237171681414
1504,-27.205593390295387,7.404088145563627,9.787260823314362,-28.872962748240525
1505,-26.71768990769444,7.654947345355605,9.907412097065931,-28.34118043148368
1506,-25.92638287530784,7.821080720569999,10.056852380121375,-27.698217536677014
1507,-25.111284540563453,7.911601614810243,10.206373451075812,-26.997237648227788
1508,-24.62418071802055,7.9531653513644,10.314432701019886,-26.331542830008186
1509,-24.293323956979368,7.956676563563446,10.347089678812708,-25.68906068280151
1510,-23.84076365566313,7.929250937206586,10.285096070849686,-25.03891340262956
1511,-23.25278728223883,7.892927681139681,10.145923916262758,-24.36951675033353
1512,-22.594071180487997,7.862953453454192,9.964361941863386,-23.6737581883619
1513,-22.052011655373583,7.8270442370585505,9.76277388050894,-23.010579458835238
1514,-21.802550019678588,7.765796755227079,9.553662574752215,-22.439289668154387
1515,-21.57196890945682,7.669798857982911,9.338990482047366,-21.875496146895514
1516,-21.024446166244694,7.541062527143238,9.1118229216945,-21.21456595376007
1517,-20.380089816004972,7.398769627768223,8.861527777166714,-20.51584825862855
1518,-19.95793935122812,7.270197426247171,8.582027680697976,-19.86519852848516
1519,-19.668748189619862,7.183157619295354,8.286802458716709,-19.215808086357395
1520,-19.329930335354327,7.149365131372207,7.991880464604206,-18.502305821427854
1521,-18.83694231494812,7.139413955484043,7.692990147916592,-17.72556063089233
1522,-18.130124065196558,7.108619235023086,7.376102986649183,-16.90776080175214
1523,-17.418523316035937,7.026184092033586,7.024957945520964,-16.117890041281967
1524,-16.943514134648666,6.879738573085927,6.62652061998979,-15.416761635642558
1525,-16.499575172221128,6.6903533500092305,6.181738609948024,-14.718708035714556
1526,-15.801624303165141,6.495378296354653,5.703825420749311,-13.910833025088051
1527,-14.970680535253805,6.3222986948842985,5.217005564751474,-13.028385316809088
1528,-14.204662720302085,6.189483550812726,4.744675383354556,-12.138375550917566
1529,-13.497478883405742,6.091987318461415,4.293952039573519,-11.230443173479511
1530,-12.791254938325851,6.016859097882555,3.8607898472391713,-10.280872944149436
1531,-11.945663314624221,5.991231840440893,3.4321467290855407,-9.243304369192682
1532,-10.831883844715634,6.037811749606481,2.998094276168076,-8.08938783736911
1533,-9.666472308678651,6.102786572548467,2.569900176887903,-6.9506416304187795
1534,-8.707474120727973,6.123962934809326,2.1688109004165277,-5.966975112801379
1535,-7.751965323254809,6.105751303150322,1.8188423193992354,-5.060404619893381
1536,16.90689255401597,2.9608450661697923,-15.27713735348222,15.799543251938388
1537,17.002434961026058,2.7885360974247315,-15.72209590703152,15.841355730200142
1538,16.996499407266185,2.583587607652472,-16.110911013832766,15.891002289575203
1539,16.786430915128566,2.320224359219748,-16.460360046097765,15.89604048386832
1540,16.317092772897887,1.9872807764555276,-16.799691750098123,15.80508770034011
1541,15.83501004173821,1.6246869563656285,-17.136123507588568,15.69467325048122
1542,15.579134248067204,1.2682807019431417,-17.46866919089878,15.640849686331391
1543,15.312113537911744,0.8859829615501102,-17.799617785863774,15.543576973993416
1544,14.761169198760093,0.4352412723948764,-18.119502129914864,15.305112438988974
1545,14.082571400213201,-0.09488486019476816,-18.3974840641328,14.986829686782071
1546,13.493281596249577,-0.6930292113613652,-18.605248946320085,14.687635951360592
1547,13.0217543307264,-1.3034874303938213,-18.73255694886951,14.511652401821657
1548,12.643163189944952,-1.8693371029502206,-18.787923091048974,14.51047445267997
1549,12.213363883837642,-2.3974877013212805,-18.810184042366622,14.517298459211542
1550,11.59627311668098,-2.914272176425225,-18.83897978432905,14.34670398570771
1551,10.989068520787223,-3.4250267303493835,-18.877808555303286,14.056833376856389
1552,10.5941783288245,-3.929925580192085,-18.91324373001609,13.759613788873667
1553,10.17778997853358,-4.418322981807974,-18.9299327791147,13.446597946347993
1554,9.48802857409451,-4.878480279836376,-18.9125092448637,13.099824165526588
1555,8.655036730307001,-5.322589669762632,-18.85841042738168,12.733388511270663
1556,7.871496460506465,-5.7672025434925125,-18.77158478165456,12.355320034940446
1557,7.219697392291813,-6.214512435114911,-18.65343011919616,12.002704873176398
1558,6.72445480273614,-6.660159083816447,-18.50444849552671,11.697223743304829
1559,6.184426852539932,-7.092884820626953,-18.319049806580114,11.34995506122359
1560,5.410242657846514,-7.502689206958477,-18.09374185117598,10.870924968019306
1561,4.657342989589106,-7.893800901176696,-17.842860071380713,10.303353700526344
1562,4.197910911485614,-8.279690559869888,-17.583613688342414,9.713707847247473
1563,3.8240729036198142,-8.67874097780879,-17.315199792893196,9.087963463557024
1564,3.269097396084713,-9.108662326889805,-17.035240270699934,8.406621796318142
1565,2.543796619651509,-9.577653914692133,-16.76099820768322,7.679947065483845
1566,1.7236161319618652,-10.085140948605696,-16.505110073356022,6.918859141138389
1567,0.9282775804645589,-10.623046232239766,-16.2491616466749,6.168474770679144
1568,0.25610571074454497,-11.177796417675731,-15.971342685799854,5.454412800698924
1569,-0.49323755019021354,-11.736613716383916,-15.672429323121857,4.662804752390995
1570,-1.5235322755685183,-12.286220402369661,-15.358548419505867,3.689088885172011
1571,-2.6107464659917157,-12.810496067691153,-15.030869545163709,2.6278424351817504
1572,-3.5061363245723243,-13.299913752504315,-14.691069115055516,1.594758479521982
1573,-4.345718866980362,-13.75425654950021,-14.336742687864275,0.5661706425362647
1574,-5.318642479383173,-14.185182236918443,-13.965584663124922,-0.5145818810706528
1575,-6.456793606526228,-14.629528693876791,-13.588339389111646,-1.707651210212949
1576,-7.740527069549161,-15.121224709735927,-13.214920122483012,-3.048459845266248
1577,-9.002643128823914,-15.652266205555806,-12.8355226453188,-4.427677372939393
1578,-10.09198236385823,-16.205486904970172,-12.44088167206002,-5.723767340896123
1579,-11.234662956531848,-16.787821296171455,-12.037590994410996,-6.9921085031259524
1580,-12.658277243621129,-17.40566458216381,-11.634385144272038,-8.311464257164193
1581,-14.117594570343622,-18.0555054293456,-11.24765240068721,-9.630974854766178
1582,-15.327357968948558,-18.723813211000955,-10.879250119312859,-10.888666832547063
1583,-16.346337781480713,-19.367933750751853,-10.472183114498948,-12.086492183846588
1584,-17.310157608412233,-19.946151108826612,-9.971403998112038,-13.238424390366408
1585,-18.34082866506889,-20.45990921673249,-9.392597833417755,-14.380880433358211
1586,-19.52639529378922,-20.92180753492976,-8.775072523700373,-15.550050145860148
1587,-20.671475222665553,-21.327642315847136,-8.146131029815589,-16.69275746816843
1588,-21.58500347773169,-21.676358818048975,-7.526844846834112,-17.767481296269207
1589,-22.536724649063462,-21.963615551091536,-6.916798238122205,-18.890953677946182
1590,-23.814438902867735,-22.197221637320542,-6.302664855931597,-20.179169201361173
1591,-25.252562854028604,-22.445334999220094,-5.679971512124772,-21.584315124892672
1592,-26.613234899130884,-22.763522408603258,-5.044808632766332,-23.013333340962248
1593,-27.853938869119176,-23.10482817975617,-4.386019737101161,-24.415472305059804
1594,-28.986445492159557,-23.397861576184575,-3.6966477343390842,-25.748738875541417
1595,-30.141377432236016,-23.61949504333289,-2.9800747436419432,-26.994635200579896
1596,-31.32345666578849,-23.773363215571962,-2.280357728801225,-28.0807801226598
1597,-32.179481585301815,-23.82224335172756,-1.6531766412937234,-28.881502556840182
1598,-32.3416572274553,-23.756415174609984,-1.1639256094497068,-29.275188104944153
1599,-32.329041451322105,-23.569567647480266,-0.7954705254943336,-29.435835005184103
1600,-32.77886150263107,-23.266814906610534,-0.49320978841299473,-29.612406125838362
1601,-33.44792668392406,-22.89544677254169,-0.23825351509659803,-29.805152616322047
1602,-33.91630433001005,-22.500868623129072,-0.021323115683684488,-29.94103393696381
1603,-34.20341589202372,-22.06723056778901,0.1752995094941125,-30.02534764298199
1604,-34.04295746890214,-21.550475551466015,0.4680491353593852,-30.143780671064054
1605,-33.95973495671217,-21.009983754511975,0.7653279594762248,-30.24830534417823
1606,-34.09932992109445,-20.490011482688185,1.078107520710252,-30.386216005670068
1607,-34.22832300364438,-19.993394198927287,1.3841448067975872,-30.486989526165697
1608,-34.06510399166988,-19.515414982350507,1.646199348589707,-30.47733929969925
1609,-33.8086605830549,-19.077684211967956,1.8255928865755584,-30.45792655271569
1610,-33.74346382434284,-18.70046407451153,1.8980969586836254,-30.55399916213044
1611,-33.785154974663556,-18.39442223829871,1.885123403882462,-30.750920739732777
1612,-33.77319542077182,-18.15065813289743,1.8282301658152407,-30.984456666955175
1613,-33.65740540365935,-17.900170484048772,1.752742877544086,-31.186020777363236
1614,-33.42566605221812,-17.571304787462463,1.674093427036342,-31.29188256425762
1615,-33.25067434439178,-17.167073343167868,1.59850790213774,-31.335509029382763
1616,-33.304156281994004,-16.72663813238735,1.522283838859479,-31.376029885989368
1617,-33.34637860681942,-16.29651390643,1.4408253829142466,-31.35594540151822
1618,-33.07021392726829,-15.918628480224186,1.3514783195986042,-31.204887624352654
1619,-32.57022706370695,-15.585289065534061,1.2545511987608569,-30.97131965077668
1620,-32.03982013408173,-15.267064235439895,1.1543873286001622,-30.722844061434987
1621,-31.50152984356146,-14.962275949878022,1.0611643919612268,-30.46124912951406
1622,-30.942810019886494,-14.675156025205832,0.9845226261495739,-30.170513224722516
1623,-30.278674007676702,-14.398374950916878,0.9227723064714828,-29.809902480818316
1624,-29.425630624520764,-14.124020394317089,0.8708048053041106,-29.346108760963567
1625,-28.60204452183198,-13.842588822263506,0.8332127473931844,-28.86238873659093
1626,-28.042844480093784,-13.542889289390226,0.81735419123165,-28.450151958495294
1627,-27.53159176666148,-13.220572520966025,0.8211396329813235,-28.042331664783923
1628,-26.776524902093193,-12.874814399548503,0.846249446363708,-27.534224555039305
1629,-25.84398618735312,-12.497155227158723,0.9137517387250208,-26.91275442738342
1630,-24.890976333904067,-12.084518042611164,1.0440146162838408,-26.196649434759344
1631,-24.014181511719812,-11.657410306586375,1.2422233900641517,-25.421253823451206
1632,-23.27229153309164,-11.238201916414658,1.4955861031297113,-24.636215079188272
1633,-22.45660626597434,-10.833646788155372,1.7576133500661963,-23.829421883266832
1634,-21.3403204113439,-10.436671260206465,1.976822821817394,-22.985152705772734
1635,-20.194504265576516,-10.012582830513608,2.1346701647362623,-22.20867404513097
1636,-19.36145277585664,-9.52927520186105,2.23227761581789,-21.603332344846734
1637,-18.668262613903934,-9.00069067678583,2.288277277277863,-21.11275731129005
1638,-17.839732983732834,-8.460636177777149,2.3215666860251765,-20.638637844054436
1639,-16.900186307253428,-7.945430404528721,2.307984633274145,-20.139615066943513
1640,-15.94491685280168,-7.478763763073895,2.2149194707387627,-19.602744585118067
1641,-15.081338536831366,-7.0308166586405765,2.053127799106628,-19.097190946096347
1642,-14.407314885822702,-6.55945605783105,1.8486755914841213,-18.69624917568621
1643,-13.73980802029947,-6.063971926697823,1.614471765157501,-18.296753912217323
1644,-12.868839619263783,-5.5695555918185224,1.3658651502067178,-17.767246442632818
1645,-12.033812904276232,-5.123127388170455,1.12739704449351,-17.159318105217842
1646,-11.531254053321396,-4.77125461377073,0.9201233007617102,-16.566191525483298
1647,-11.22087531935137,-4.525688539340045,0.7563869035804823,-15.982835487331132
1648,-10.866135457717888,-4.364944317818368,0.6385492421504801,-15.387392413311536
1649,-10.405487783529853,-4.228942847575122,0.556537789054698,-14.764040755622176
1650,-9.84491411297248,-4.054512781652939,0.49439156606135914,-14.100067255658994
1651,-9.366347792402124,-3.826251828179332,0.4319765727829831,-13.470105352419885
1652,-9.1615208651651,-3.561943033017008,0.3583305617345832,-12.947563120260046
1653,-9.011668619390305,-3.301054770564891,0.2949152026371106,-12.434298344806766
1654,-8.629293365370904,-3.086874861664002,0.2694904574137006,-11.808399050469248
1655,-8.162784019971664,-2.928570937099989,0.2864229971330008,-11.115893187163662
1656,-7.838678272352191,-2.812328762024278,0.3354051464707435,-10.443900429246726
1657,-7.6051345793193805,-2.7245256671675153,0.38718721439582326,-9.811730924160665
1658,-7.347259888266119,-2.6481821865058417,0.4137802306347596,-9.217808922383401
1659,-6.944469171430828,-2.5535946338421875,0.42811978102138026,-8.611971240970046
1660,-6.308303946398132,-2.422025305486975,0.4592644927851711,-7.936211751911267
1661,-5.665636511557686,-2.28759378061361,0.5173800274417919,-7.261979311333075
1662,-5.276212977644461,-2.186335962896944,0.6052074736392767,-6.673007059209309
1663,-4.925350962776614,-2.0866425505939774,0.7291759049312044,-6.075447456683579
1664,-10.15061564289938,-13.308414180787842,-7.420385334085693,-8.4245586515243
1665,-10.444380339835785,-13.81415876771127,-7.639433276761756,-8.726131169271019
1666,-10.758752603945915,-14.340112742660658,-7.844351951623266,-9.074687151319843
1667,-11.194087728682458,-14.83587661391251,-8.052968912571364,-9.461741183804081
1668,-11.816936905118474,-15.277264265790754,-8.285527601821784,-9.859978971144876
1669,-12.431286600697149,-15.643167969081418,-8.544821648019013,-10.187359841548115
1670,-12.82378846194737,-15.966904209428817,-8.82900985184024,-10.381033071607014
1671,-13.156101895016597,-16.320527777631728,-9.148198413200756,-10.562406725629122
1672,-13.61951969509135,-16.726529344730544,-9.510167904995136,-10.8609996013111
1673,-14.044534290624142,-17.152110270308768,-9.906066001591828,-11.188279576788664
1674,-14.25429463138636,-17.537523353516885,-10.325652843533161,-11.43504623046815
1675,-14.350097152632202,-17.853749193437817,-10.771540457982875,-11.648173782452956
1676,-14.478089554875552,-18.088443082378333,-11.245671046340515,-11.895324664338006
1677,-14.756026549864051,-18.233896257429908,-11.73922388917277,-12.217622419166245
1678,-15.23714914169245,-18.304087877271638,-12.238931629780401,-12.620295544241701
1679,-15.67529753371952,-18.343241506293012,-12.729680503912803,-12.956787655965853
1680,-15.821708240030112,-18.39558594964142,-13.197296011112545,-13.087853029062334
1681,-15.87810134211325,-18.48137071383438,-13.633715947649396,-13.107258923338268
1682,-16.087843073183027,-18.598446167847253,-14.039226642810458,-13.152416073688883
1683,-16.296225461075004,-18.71749429786344,-14.419635187118933,-13.220940828309311
1684,-16.315335834485605,-18.801748998270238,-14.785383823306839,-13.283338785419522
1685,-16.17344180291804,-18.831526270307197,-15.159279664841982,-13.326280971577726
1686,-15.958218827654514,-18.801392887681747,-15.552313579335458,-13.337518600989638
1687,-15.865463058169002,-18.727063491286632,-15.933079984166735,-13.378127961212869
1688,-16.051493920427472,-18.63009286206295,-16.262253950066786,-13.502996469063424
1689,-16.277185925364016,-18.502564411851065,-16.524887141740923,-13.616990254553377
1690,-16.28328843827984,-18.348399364414956,-16.722093747031895,-13.621179697995787
1691,-16.28240557933448,-18.18071151325233,-16.87280017633767,-13.581986766890143
1692,-16.524827300882677,-18.04077663428156,-17.003159578550235,-13.580823621816137
1693,-16.90467898084604,-17.951779306020878,-17.125891584209587,-13.59491750137835
1694,-17.255447985336676,-17.887746411735897,-17.242823143273586,-13.578413518074845
1695,-17.459366728502264,-17.827066468068807,-17.352436231827163,-13.467573304381519
1696,-17.453006702418556,-17.745307381632816,-17.44464601582495,-13.226261860733791
1697,-17.486850592635097,-17.645344196140826,-17.493773170302983,-12.971394321227496
1698,-17.791587200289527,-17.540801908095066,-17.48272209960261,-12.833739394122246
1699,-18.039748513791707,-17.4307069513213,-17.42532170075331,-12.771982216007045
1700,-17.875567435180663,-17.310674237201294,-17.348822515718947,-12.713690241302546
1701,-17.496443567744837,-17.179271846770575,-17.28674037352724,-12.69173718763462
1702,-17.180275208359486,-17.030254330640233,-17.262388565138174,-12.735144788303025
1703,-16.941094952459746,-16.855880580203152,-17.256375301539922,-12.810852107498055
1704,-16.72637064543774,-16.644657732689,-17.24048415416666,-12.872139448250048
1705,-16.371119798948705,-16.369270907507982,-17.217082401770526,-12.8354134743238
1706,-15.736725585526651,-16.01853236157339,-17.194823095543526,-12.641835165774584
1707,-15.085217518698334,-15.577341804062554,-17.17629163468348,-12.387058384672159
1708,-14.69548164848566,-15.06696911880801,-17.155200256124708,-12.176009575640135
1709,-14.35748009917358,-14.541702138694582,-17.102203855231462,-11.941091479927863
1710,-13.810262600422593,-14.013449473486535,-16.983549839134888,-11.594226796399147
1711,-13.149924038031333,-13.44235419286444,-16.77747993390873,-11.160276591332178
1712,-12.522381417495989,-12.836879558945888,-16.48298086696983,-10.688475553832498
1713,-11.974121020087813,-12.26899066537654,-16.135065796112624,-10.22325950237471
1714,-11.514260591780705,-11.761900879953366,-15.77777021227914,-9.80010487983445
1715,-10.961732931981897,-11.287282054130465,-15.43887676395222,-9.376117550552362
1716,-10.159888682201183,-10.791445115467821,-15.124112759685795,-8.897861749318093
1717,-9.366811175205134,-10.24387100482262,-14.79977116529517,-8.415875905861668
1718,-8.8561119568774,-9.628786154215359,-14.42345394062806,-7.982892546153246
1719,-8.461862734014504,-8.944852745080793,-13.984394517705617,-7.537042894498077
1720,-7.9514690789342515,-8.204815948754494,-13.488131073340256,-7.016310125373218
1721,-7.308981180356664,-7.434218938937811,-12.944375196778056,-6.450454209976314
1722,-6.574780519047493,-6.6491352722157435,-12.368519553382809,-5.889580928839026
1723,-5.881312568231572,-5.83101088767856,-11.773405620525363,-5.389106511298407
1724,-5.268453266450006,-4.978237206877348,-11.19972122477044,-4.975706634414456
1725,-4.468541150348234,-4.128677504573136,-10.673943602119037,-4.538177958824427
1726,-3.2105530510276434,-3.3268278029194853,-10.22745274287437,-3.9729391852465836
1727,-2.058833391284657,-2.683881662914393,-9.817853474065556,-3.429475860966807
1728,-1.6385361955728366,-2.2833663000502593,-9.378489643393731,-3.086706689174672
1729,-1.611828827892642,-2.1625144685648183,-8.892474457707058,-2.8693509526329652
1730,-1.4546620935085741,-2.2771106366166225,-8.367123549563097,-2.644364275131748
1731,-1.1817344156937033,-2.5006962492009364,-7.811889253783937,-2.39539708482322
1732,-0.761003880242743,-2.044501408792819,-7.272893934812695,-2.0904208668654722
1733,-0.44689737135350116,-1.6163199974659257,-6.731586457174374,-1.7966623880075887
1734,-0.34749978804163656,-1.1986052638506912,-6.19475830105909,-1.5532867488777726
1735,-0.21594325482672533,-0.7467153520674958,-5.651071268520164,-1.3050901811145221
1736,0.2174868821985897,-0.22647176767998806,-5.0892342332850875,-0.9954191109339353
1737,0.6832717950153309,0.34898048892242045,-4.5282396916151875,-0.7369039322847906
1738,0.8194807689768193,0.9403483658959475,-3.993352037956019,-0.656453287223482
1739,0.6985226029840165,1.491486441808374,-3.4845521827804107,-0.7037172290562101
1740,0.5073416705287445,1.9511807223193085,-2.994797244975296,-0.7762034776813664
1741,0.33790189764544826,2.3180448839288976,-2.5287154333017465,-0.8223720379450615
1742,0.2539259676208902,2.613703715526052,-2.0875575776032655,-0.8107322487782344
1743,0.10577975570671819,2.844132587239998,-1.6605386473433834,-0.7741071969270104
1744,-0.2776458427009694,3.0159194063469585,-1.2339353553426473,-0.7674269714345903
1745,-0.6251390247901756,3.1384983459130846,-0.7898690518374951,-0.7386473047589515
1746,-0.6218560572713192,3.226747986746697,-0.31813393613257945,-0.6301974626545174
1747,-0.48820353229310437,3.3221673946489387,0.16023922504241836,-0.5346834068578388
1748,-0.5405219928568212,3.4661707566689643,0.6147208445861382,-0.5604750584907322
1749,-0.7343653032116111,3.6679502652703264,1.0352979830529387,-0.6921468732801903
1750,-0.9354366038280716,3.9143639687888223,1.4201668919305024,-0.8705569120596736
1751,-1.020187149383297,4.171378481648036,1.7651877755563492,-1.0248671458029708
1752,-0.8970087765820699,4.400022089240522,2.070249940211059,-1.0941573578352344
1753,-0.8179944587443335,4.589354704085132,2.339355889473366,-1.132004959531468
1754,-1.0608228477924495,4.744929172676492,2.5784728502938474,-1.215843552817311
1755,-1.3432767299895103,4.864617570116482,2.79432052687795,-1.2918888056061912
1756,-1.2885674605294688,4.952587577291205,2.995837433835259,-1.2818059208932262
1757,-1.0051538657610501,5.038523309153296,3.1999498107493016,-1.1960745059268914
1758,-0.7176106651384121,5.146776365363511,3.4232558158362116,-1.0690397839595946
1759,-0.4893334309819287,5.262935383276442,3.6662672027418837,-0.9384643977411568
1760,-0.3368295877785754,5.3580722245077155,3.92676419051142,-0.8352947613070685
1761,-0.09619456595664555,5.408524496959655,4.219410339847297,-0.7071460703599426
1762,0.4062166603938116,5.403159322653985,4.558307336213547,-0.487763852798701
1763,0.9060974219007311,5.362093178535076,4.939760302975859,-0.2255009512366494
1764,1.080582041606137,5.323041412780717,5.350590184722861,0.0075843619068984396
1765,1.115102579051773,5.319259867198666,5.769153311004191,0.24037719103892197
1766,1.2898684946097858,5.371524861180465,6.1715872518024115,0.5086574207529758
1767,1.5377621096347573,5.481971209598722,6.549889951742961,0.7593112528482342
1768,1.7210779044030662,5.629113308000656,6.899467889148799,0.9268612687202493
1769,1.7660376366475834,5.759134267439421,7.200469881786892,0.9816493313970096
1770,1.633876060456939,5.819090780637558,7.433475743304546,0.919326361902385
1771,1.5455610650561566,5.798788489578283,7.590290297394815,0.8040137728642435
1772,1.7324508182145646,5.717685621993273,7.674468001243366,0.7118119228786084
1773,1.93072090519675,5.610066309889007,7.711962693192581,0.6107599986953058
1774,1.802567490540055,5.516010942213812,7.734401543443325,0.4485302065622863
1775,1.499279725897828,5.464470493979839,7.753281178431434,0.28062182144620185
1776,1.275067927324402,5.461085760259021,7.7684638436628894,0.17127630859134568
1777,1.1514150473039675,5.48101325533205,7.778875924584026,0.10012505952403264
1778,1.0813735596360528,5.48236796247045,7.778934394079551,0.025492164252938612
1779,0.8885047267447417,5.418029408676525,7.755598078666787,-0.10745258041280437
1780,0.40959406528048214,5.26037122561803,7.698746218802892,-0.33358386394937073
1781,-0.07896935509315525,5.030791298516973,7.617409834296708,-0.5421863760678245
1782,-0.23913186268606704,4.780285598965278,7.522037773749228,-0.607795570090299
1783,-0.24572135713037557,4.572022450726438,7.400033634061681,-0.6126320837495102
1784,-0.3814505400104805,4.454532154180995,7.2335492707248035,-0.6795367282356691
1785,-0.6170967793409887,4.4218447491201935,7.015334888809015,-0.7652194506728471
1786,-0.8437772530042533,4.434726437136516,6.745879794104211,-0.7971518363119575
1787,-0.9482294497893304,4.446301184367912,6.440683733542712,-0.774592703085308
1788,-0.8353423588169123,4.429707895421512,6.120845893267566,-0.7179410352206834
1789,-0.6813579617984626,4.356976541382975,5.792167937576019,-0.711237719178654
1790,-0.7137623506903954,4.25501802584836,5.456232142394699,-0.8321100288660891
1791,-0.7907815410464858,4.198084819971772,5.127650371980631,-0.9701083772600766
1792,-8.013778970949767,-5.724821272128803,-10.343064277728216,-5.891803979033453
1793,-8.023629290689833,-6.167967767692544,-10.731602135630933,-6.20859095549976
1794,-8.167068781103094,-6.597088002591751,-11.11186817448942,-6.604939473185669
1795,-8.454217830952167,-7.02447805447603,-11.498663462159723,-7.089761285164388
1796,-8.825862151196011,-7.458636123856921,-11.896309269560165,-7.644076980935051
1797,-9.07939839492229,-7.909159526817489,-12.299849984863176,-8.152396861050036
1798,-9.057770888860295,-8.35940700476378,-12.702174735657444,-8.516029624611594
1799,-9.094672483705597,-8.813002971208043,-13.10731803940447,-8.837340377835247
1800,-9.538311457584998,-9.316248103929464,-13.522147582500459,-9.239699051228158
1801,-10.154077323523754,-9.856099575068587,-13.953371803136118,-9.666364961078532
1802,-10.625121817851543,-10.401412006815875,-14.402269419072022,-10.034724829702025
1803,-10.98724389304985,-10.894163989093594,-14.854047869273822,-10.346394923601116
1804,-11.345387343463598,-11.28041330459342,-15.287945653566467,-10.62180760180118
1805,-11.793205710369097,-11.55688111310305,-15.690144786702671,-10.9166124154789
1806,-12.397297962280739,-11.749377787125502,-16.049879837646632,-11.275466565853048
1807,-12.96303637685038,-11.8994277130215,-16.35600942120198,-11.612582354463287
1808,-13.294105716880603,-12.04597263016209,-16.602847313168123,-11.83520901114287
1809,-13.570767065602377,-12.1845214106895,-16.795229443807223,-11.996734932912123
1810,-14.019122476842513,-12.30094291815551,-16.940440149606708,-12.170390280879515
1811,-14.59392636160185,-12.412213775734473,-17.039844481942175,-12.348989926931521
1812,-15.184642257388418,-12.531507306457664,-17.09510910145326,-12.504005958514854
1813,-15.727162012122474,-12.70231920085335,-17.112325520252828,-12.583295497878723
1814,-16.1650879252453,-12.921935929125727,-17.100641117776092,-12.547298812218363
1815,-16.504072225233365,-13.165887118649884,-17.072945150672794,-12.46386891874516
1816,-16.78525392356404,-13.399619284736447,-17.0413130691139,-12.416971620943263
1817,-17.020873050428705,-13.63397706121593,-17.014421956459874,-12.38497275021196
1818,-17.214267747268682,-13.880324946146603,-16.993488279811608,-12.332991685909366
1819,-17.371324188493244,-14.08957985412293,-16.96352832153467,-12.299557003210628
1820,-17.492622049360936,-14.230705507572504,-16.908316685117494,-12.319948351666758
1821,-17.576983082090752,-14.305714587939155,-16.828554296037733,-12.384042244527103
1822,-17.62826710308349,-14.378205964352736,-16.729620993917163,-12.466296508906376
1823,-17.653280845746462,-14.486308321892032,-16.613852991493406,-12.506219740394586
1824,-17.646916851434874,-14.656277728345007,-16.48256162411688,-12.454873426525106
1825,-17.623884139804197,-14.872733012214457,-16.327333515999715,-12.376379325809852
1826,-17.57329681292993,-15.098469314554055,-16.144114129691726,-12.340186598269002
1827,-17.319353907496808,-15.30845130046993,-15.955053904630356,-12.27625832904974
1828,-16.743583326675147,-15.486356914750672,-15.78700240000275,-12.114520545959184
1829,-16.089924995705665,-15.619183238063643,-15.646635275301168,-11.914086366896068
1830,-15.631704930271345,-15.707826791398345,-15.53328206931196,-11.760397417371157
1831,-15.34857091424642,-15.780218697976531,-15.452190209522888,-11.717039536356584
1832,-15.132220443984497,-15.859013989773535,-15.397562278817357,-11.81710690228414
1833,-14.851475142797621,-15.926748372375055,-15.342446414793987,-11.982653506833083
1834,-14.408443911083099,-15.958269525105727,-15.256846801403185,-12.118936621971248
1835,-14.004593882884725,-15.938813548796059,-15.111632869170485,-12.264172300568942
1836,-13.841256979675338,-15.8707611413227,-14.900754252484205,-12.467426479372401
1837,-13.665314410281614,-15.810892485093058,-14.645964705635873,-12.653753224563204
1838,-13.195814160480982,-15.81356606316078,-14.390085223363187,-12.742660981066642
1839,-12.572097212923884,-15.851000724260565,-14.146583195692964,-12.741070728804196
1840,-11.990609651071512,-15.889803510514557,-13.887849859102069,-12.67138533722227
1841,-11.45863959733597,-15.904774282253845,-13.5826274063796,-12.546613854524075
1842,-10.939061531080702,-15.919282576228373,-13.20698557712513,-12.371925181084679
1843,-10.285055237398291,-15.948128512924967,-12.737068216338924,-12.09341853499003
1844,-9.382021931345863,-15.999062715569584,-12.169386736446375,-11.663558226286957
1845,-8.501723806207332,-16.01509246873272,-11.525351186147562,-11.145354375373543
1846,-7.914391057881401,-15.946766701231608,-10.838622910632706,-10.617895681754916
1847,-7.386500004244208,-15.780167621635705,-10.149573935777713,-10.068553008209461
1848,-6.633346681818175,-15.552588116896498,-9.482538078834454,-9.47852598083451
1849,-5.731694507373875,-15.291333837082583,-8.840754428286525,-8.890616723313121
1850,-4.831644595121276,-14.984893545010914,-8.202532592058024,-8.347744908040863
1851,-4.046687720804695,-14.611534262137093,-7.544048977539142,-7.875931914773426
1852,-3.4095939046788803,-14.191830330403569,-6.892656644260889,-7.47654575641859
1853,-2.7333815803509136,-13.757857202323192,-6.3256448750573275,-7.085761803872857
1854,-1.8113106142732154,-13.341620755686355,-5.865972881640714,-6.638622677943623
1855,-1.0619171427786034,-12.931969202837806,-5.448104956057408,-6.206727250171504
1856,-0.9082121015384105,-12.501875545963843,-4.998642626737755,-5.867833763605357
1857,-0.9396339157690256,-12.038632621886933,-4.509711561396676,-5.548013692725062
1858,-0.6334857223152769,-11.551801010491557,-4.0408891330460275,-5.153881195508647
1859,-0.06164541582779279,-11.018405640384058,-3.646174532556283,-4.691189884244447
1860,0.6443497171581677,-10.51830940691475,-3.3039966755200556,-4.182270758515391
1861,1.2517665079852929,-10.025722447707986,-2.9323312426928045,-3.703028614870865
1862,1.6294539993267951,-9.569849921956562,-2.502115499650047,-3.3092126752141917
1863,1.992754769825997,-9.155498401994858,-2.0122722983433836,-2.924740443966263
1864,2.600974407874945,-8.772639481954016,-1.4840221087265675,-2.4652356832074043
1865,3.199107490225689,-8.398417040141501,-0.9587757344698306,-2.044360071014829
1866,3.458772490310761,-8.01245296430109,-0.49322403242812046,-1.804515180953009
1867,3.5319316011737163,-7.628680067695291,-0.1312400379858093,-1.7291629799554904
1868,3.6677437013540644,-7.273323332547437,0.13157903439315552,-1.7439636261382354
1869,3.9142811755990605,-6.95252671309003,0.3239874832706919,-1.756712278370398
1870,4.2439016018376945,-6.668944851028821,0.48805726303942976,-1.6867700338756204
1871,4.431503483529719,-6.428917978092109,0.6373287363339872,-1.598584395730695
1872,4.247380627695511,-6.236066134384625,0.7697031759772336,-1.596521485875812
1873,3.9470741776911766,-6.1097420779562635,0.8849849818447258,-1.636577728692131
1874,3.8667908219461333,-6.055466453808129,0.9808617892877738,-1.649376834279285
1875,3.8115055321396376,-6.013472607069555,1.0598139882450528,-1.6886603216802958
1876,3.4961576489637305,-5.914527110903713,1.127228409212787,-1.8200668253090264
1877,3.01800794884235,-5.738047618240668,1.1797496996713888,-2.030767298584973
1878,2.5529386115453234,-5.499220837776955,1.2147874167516104,-2.2871564667120152
1879,2.196140686675305,-5.25707546710102,1.2284891461433154,-2.540636006542921
1880,2.0030157774529447,-5.0788220928181635,1.2201997054633256,-2.7469876715157926
1881,1.7774504833915756,-4.9785517403093325,1.1886063651616423,-2.960452449042946
1882,1.3092736163909395,-4.934894954914491,1.1204582666009881,-3.244145904855118
1883,0.8580389056692366,-4.911559971035128,0.9962098669466236,-3.508041247567726
1884,0.7565843468952724,-4.86426153726151,0.8358923679760301,-3.640952843801787
1885,0.8903943562196003,-4.7632866025842615,0.7047826373057341,-3.680777764612131
1886,1.0342363895157034,-4.5978348715191455,0.6443123539703087,-3.6940446334884633
1887,1.1402408014554093,-4.374842771250334,0.6515945416068994,-3.6708403161506387
1888,1.2075717568556348,-4.1132965886800745,0.7097822410481957,-3.5803011417940054
1889,1.3333714429662253,-3.8338514981150924,0.828933103217951,-3.365707627286348
1890,1.6339659268717224,-3.554773220308861,1.0306650347536008,-2.9816622611869272
1891,1.9483957676993582,-3.284605941023153,1.3087190895113754,-2.502862593323295
1892,2.0808847578128096,-3.029328811125698,1.6196439900389705,-2.037432783037905
1893,2.2110499348534582,-2.8026498916231586,1.9164960297502256,-1.5926404305141573
1894,2.55617372986965,-2.617858102140114,2.1535296532545347,-1.1558018899806923
1895,2.972057437150709,-2.4890415643981347,2.3194130062535017,-0.7739825122183055
1896,3.2399202170582044,-2.41727828601571,2.4270389552631864,-0.4931266654248197
1897,3.2754113233992688,-2.36323005399001,2.4944920525719665,-0.34402503326863465
1898,3.066934870331006,-2.279422298651178,2.5432569586456037,-0.3320026055817607
1899,2.8173193203776865,-2.149553861080212,2.590398885700935,-0.35647733698050144
1900,2.7541926906001715,-1.9795054165399262,2.6391840446761594,-0.31249988210037655
1901,2.698798788441331,-1.7931339652722282,2.6818685159590556,-0.26027545535410734
1902,2.403732395108708,-1.625818935716115,2.69885680721529,-0.3005180068189901
1903,2.048265484489028,-1.5073070619766298,2.642662318130189,-0.4202764349573479
1904,1.8746224630354813,-1.4550241010974463,2.4840136836917286,-0.578840104540585
1905,1.8195164257961076,-1.46913083105078,2.2384578961100683,-0.7683587280829008
1906,1.7518309893713642,-1.533953369462166,1.9611563719795477,-0.9803318796966266
1907,1.5615317385406728,-1.6242843233540396,1.7104684650236732,-1.2278897010618715
1908,1.175787672115171,-1.711636066314599,1.504207733636572,-1.5242460479942679
1909,0.8318969248203344,-1.771529346762925,1.3228359106416587,-1.8030346680123917
1910,0.786523087027749,-1.7893573750482006,1.152417231323773,-1.9926396737345484
1911,0.7630342331969435,-1.7625784304761152,0.9992314032343615,-2.138520188637778
1912,0.4053773656584814,-1.6992632574346949,0.861458454137262,-2.302490026643189
1913,-0.12999750586056008,-1.6229522033741821,0.720641091405188,-2.4440641722425855
1914,-0.580119546148553,-1.5562579396145462,0.5719634229418994,-2.505813540214392
1915,-0.9135067343941352,-1.486925763789845,0.4318192712504589,-2.463116022697116
1916,-1.1703624421558816,-1.4046720929042533,0.30794475964831647,-2.318750278634681
1917,-1.5553513517929116,-1.2963658504724191,0.19905742844626745,-2.182308520016316
1918,-2.258995561246484,-1.1754043990273901,0.10100131971007835,-2.1647203707470593
1919,-2.968540758302134,-1.0357583443453122,0.02076232941661045,-2.1766178074761453
1920,-9.930904988575124,-12.110717908810502,-11.392055299866694,-8.600364231108173
1921,-9.853348095881348,-12.604670385083741,-11.716745180668191,-8.696594102607536
1922,-9.970533905467699,-13.091764707475122,-12.00569447128684,-8.79686056134204
1923,-10.244406570195242,-13.547285108762576,-12.261582895592655,-8.933033794341991
1924,-10.582441374970943,-13.938556584480494,-12.498235629748391,-9.128637441141835
1925,-10.839760711052794,-14.267144711680224,-12.723824584317475,-9.321951116652526
1926,-10.919283843457148,-14.575368224429905,-12.950470533994055,-9.456348272030459
1927,-11.098035162871994,-14.888695405767539,-13.200004772697579,-9.653012240064115
1928,-11.641789757233354,-15.227478691281128,-13.483347952068439,-10.02416588756306
1929,-12.277570919456206,-15.594156853430851,-13.783782623384157,-10.461224649236737
1930,-12.67192655893934,-15.975889347970668,-14.07590103656254,-10.821080856999725
1931,-12.89420228558384,-16.352705103050766,-14.336067611891943,-11.071272492534362
1932,-13.091858576506183,-16.70694419528093,-14.554785423636696,-11.22238111093714
1933,-13.325248384684851,-17.037377570561876,-14.757142886911213,-11.345467589018792
1934,-13.628186431682753,-17.348355040196868,-14.975961859815992,-11.51822313965982
1935,-13.846825728207952,-17.63425211455224,-15.227364027836533,-11.685144000782104
1936,-13.832347194099517,-17.88554918335745,-15.506572337871662,-11.775058938399784
1937,-13.816612962095775,-18.099680161564642,-15.772920651133315,-11.865743993714354
1938,-14.034156025461888,-18.264797399670236,-15.977663299091502,-12.03273561665522
1939,-14.274286084209926,-18.37030694718058,-16.099816781975854,-12.20078229926708
1940,-14.289129730177498,-18.401735661666375,-16.138404092082762,-12.28142042260677
1941,-14.126934219788083,-18.37254137825587,-16.106794015926827,-12.268183902288655
1942,-13.91323157352516,-18.334192383455036,-16.032140321290992,-12.184992957566925
1943,-13.824125825304824,-18.334250933927468,-15.94536405513551,-12.099066705878245
1944,-13.990282791022958,-18.383425236799575,-15.871437521784378,-12.071245555422573
1945,-14.179386809855703,-18.460550317484195,-15.827221094300395,-12.048831913122322
1946,-14.13759936826645,-18.523520244353175,-15.812538293711803,-11.960957512102738
1947,-14.072092741637096,-18.535230384695346,-15.796235554344369,-11.834722172621104
1948,-14.22773672790849,-18.476128235180695,-15.743819325005019,-11.709942074067708
1949,-14.4712998837941,-18.364886204110892,-15.648590015321599,-11.576730742950419
1950,-14.62386768923695,-18.232550397479198,-15.515966746653394,-11.420843591688147
1951,-14.642063635157458,-18.113295294328978,-15.353464924609808,-11.21902678402444
1952,-14.532594129152859,-18.022362771043785,-15.17032912183054,-10.960078003709244
1953,-14.501482541277268,-17.958047732071357,-14.963963112957073,-10.721805547127332
1954,-14.716153907702264,-17.922556541419244,-14.730425466377053,-10.577078723480636
1955,-14.851612173583586,-17.918620511596384,-14.484552219798637,-10.456179175735137
1956,-14.572331642818092,-17.922714679235906,-14.240754432580408,-10.279430190503835
1957,-14.104529724082582,-17.8993895208006,-13.990059955516426,-10.100052590681337
1958,-13.756972216181012,-17.813172646814987,-13.721379562427801,-9.982651507809226
1959,-13.5207282987423,-17.666656548704264,-13.443352420598108,-9.917981328221366
1960,-13.318092482363154,-17.463341448354935,-13.165166554073192,-9.874552263544427
1961,-13.048928860621675,-17.194005657966464,-12.881616184588356,-9.784389210145944
1962,-12.62777504976923,-16.83932742502852,-12.58692806171309,-9.595932798110011
1963,-12.241860071614378,-16.416123915307075,-12.277706987933692,-9.388050239920965
1964,-12.083088528566092,-15.980573873806138,-11.955949001701686,-9.257565734480863
1965,-11.933907404572833,-15.5703349982689,-11.642210094448187,-9.172622010173018
1966,-11.554965758837222,-15.214607576170453,-11.350693288898027,-9.080807076486728
1967,-11.102079993971826,-14.929806471364746,-11.065984484390786,-9.015282285231024
1968,-10.766176590308504,-14.699269977703322,-10.755184003925446,-8.994993986213656
1969,-10.510612688705635,-14.450930421251089,-10.369195681800432,-8.965196770395956
1970,-10.248757123157878,-14.112443659526406,-9.869303412583346,-8.854933612217193
1971,-9.822980848556792,-13.642237851130496,-9.262050766414731,-8.568828912888932
1972,-9.124504533648427,-13.04515698621776,-8.577566729061777,-8.051657629005552
1973,-8.434835829497494,-12.350196325385802,-7.852741114576521,-7.42490784973941
1974,-8.032581920753628,-11.589875286231074,-7.12112403827453,-6.830148331674561
1975,-7.665148180614214,-10.816565056137193,-6.386530194238405,-6.223526922098743
1976,-7.027317312447629,-10.094788598817548,-5.645244357240808,-5.540297617252647
1977,-6.211571753891093,-9.431454888619655,-4.914447525546877,-4.845802009930735
1978,-5.389679044391973,-8.774104644066334,-4.21290612604145,-4.212391618919603
1979,-4.672309366466227,-8.082107756960575,-3.5528811046536872,-3.6722777179735173
1980,-4.096898614404602,-7.37819356324172,-2.9660975076568263,-3.2279178898940786
1981,-3.490667070950042,-6.726862605648497,-2.4672002993048534,-2.765846398080665
1982,-2.6551272834957835,-6.167646312735429,-2.072402074086954,-2.1906478009142174
1983,-1.989981782968526,-5.6997097583109815,-1.7395401556824703,-1.6895137710028063
1984,-1.883839787711419,-5.304828054874503,-1.4105268448316197,-1.4559404033870156
1985,-1.8567856039024284,-4.975457847401122,-1.0911607443198206,-1.3424554636911041
1986,-1.3443124558092385,-4.67822162359615,-0.8019567345483496,-1.1382857329381388
1987,-0.5016010008534223,-4.371539542523004,-0.5322723389220576,-0.8140101760009664
1988,0.20833316100717553,-4.043955034439321,-0.35118622206028516,-0.5456599122229921
1989,0.7872001420660786,-3.7112012737890994,-0.1268353098398539,-0.2003785807299856
1990,1.1228010785016347,-3.3193947694265007,0.1751687813297811,0.1564618971452224
1991,1.412679504192577,-2.8546331475379576,0.5379453453779613,0.548037826197221
1992,1.9018198418841155,-2.332209215246763,0.9240826036872873,1.0063539974757696
1993,2.345022776531282,-1.7988671443294442,1.3133791491187845,1.4374602897601836
1994,2.432885322994922,-1.3060988691515913,1.6861136810095037,1.7410841636343242
1995,2.3626133625107526,-0.9083809230754661,2.015129540492052,1.9511474819383887
1996,2.422509763773496,-0.611455572941486,2.2788439121502537,2.1338867355025735
1997,2.6173888004676185,-0.3686160519947697,2.458452624165141,2.306548361540149
1998,2.862876786061512,-0.11753876549476396,2.5483127037759337,2.4704411035398333
1999,2.978601257183172,0.15422918272203032,2.5790208877211196,2.5699117426874016
2000,2.7945664630389144,0.4310139965004601,2.589744399200578,2.5492067756633765
2001,2.5252236295362356,0.6869143435903362,2.59274012540612,2.5134901558111875
2002,2.45713606740487,0.9007021049174461,2.5856154903765547,2.5756618758279175
2003,2.427342473159832,1.0491117500315688,2.5619611749596554,2.622408617195925
2004,2.198824291349721,1.1427125310351238,2.5107510476491814,2.5034041521080406
2005,1.9035958751553674,1.2284757294413515,2.422565716342669,2.2333339984029035
2006,1.726450135930716,1.3241653289816333,2.2965106230055783,1.8880414683168865
2007,1.6773883068755082,1.4157196796588079,2.145422637211594,1.561901756631097
2008,1.709077232355014,1.4765783226631977,1.9887832999040345,1.3457365607008829
2009,1.6199348956146553,1.5076035502935692,1.8437513023392695,1.2090975905068475
2010,1.2291537697377262,1.526273527614538,1.7208865091774017,1.0764367000145016
2011,0.8145121975629024,1.5724084680730879,1.6205057801239837,0.9757697623172984
2012,0.7167671484909571,1.6776665022529513,1.533552757428236,0.9445009820931914
2013,0.7631710973049015,1.8360180735019678,1.4412967089365158,0.9096980992861144
2014,0.669344011609086,2.010427065697101,1.3297237982424723,0.7981566822344921
2015,0.4319804192647327,2.161651764974602,1.203934270057278,0.637501708657274
2016,0.1329343168973192,2.2777577594460716,1.0826946976560534,0.4879574088962617
2017,-0.06515153627571227,2.377786200190789,1.0003075963517296,0.412859261948219
2018,-0.002911368048312657,2.4902188751681154,0.9830402184794274,0.45742402452822406
2019,0.12737412832440523,2.6399322322395764,1.0173783329396575,0.562921851077985
2020,0.07234257709183867,2.815570496989689,1.070154641017869,0.6423783961188899
2021,0.019593361764062067,2.9841771645819266,1.0994400623481924,0.7135534611550133
2022,0.21778763586268116,3.1069919548293736,1.0754736380438592,0.8147915190225147
2023,0.5186373181540752,3.1809226535684236,1.0323913417263324,0.9099210723743356
2024,0.7080785055433612,3.223885134210614,1.0216587658973701,0.9615675098266402
2025,0.7576772635737925,3.255639457577429,1.0337183630434683,0.9588414595055146
2026,0.7074362302841792,3.297488764183371,1.044463512978798,0.9152882759034535
2027,0.7623941560363044,3.3629327504425524,1.0728435894530979,0.9544767538190183
2028,1.1183998821181762,3.449433899297345,1.134175795105477,1.1862699528148768
2029,1.521549703641888,3.5447122174715053,1.2053635501552575,1.4845708148118548
2030,1.644872800704579,3.62398386761818,1.2518204691019743,1.670951787417992
2031,1.657805755845564,3.628875455658012,1.2280887405837901,1.7566538376818583
2032,1.8205066541381818,3.5212936646950705,1.1042354277024111,1.8021291991780688
2033,2.0535084261237206,3.3181019319227083,0.9230211818733456,1.7988508537293115
2034,2.204894471523245,3.084368338773321,0.7483956657919411,1.7374998825430563
2035,2.176414706251912,2.870193362804694,0.5980552250645153,1.588888270206936
2036,1.9074667742610147,2.6910612544172596,0.46944678675105944,1.333516336601761
2037,1.5903313449931131,2.547615004364692,0.34962746196160177,1.0948939552332282
2038,1.4524446974104905,2.445213402328479,0.221076471468109,1.0000121490614098
2039,1.3163475613509348,2.3786837237304725,0.10080344278548026,0.9568872163439923
2040,0.9428983991989814,2.3425699036018255,0.01067268724308082,0.8272756824736732
2041,0.49470338575010364,2.3342876179694856,-0.07366649704658121,0.6270262334801597
2042,0.19976720450141605,2.3377974396505428,-0.18545825114908443,0.4132854260053664
2043,0.04834030949953577,2.3285320328131185,-0.3258339390484724,0.2210136548006121
2044,-0.032645834209332036,2.2689878633660845,-0.48366044926997553,0.08194556812258824
2045,-0.18754501463304557,2.1527837625044577,-0.6517603749533473,-0.06000898447153952
2046,-0.5338888443781269,2.0174323434147046,-0.8173090380056526,-0.26562611773917705
2047,-0.8012007904371278,1.8890939276019663,-0.9547389740558612,-0.41259814291890984
2048,-11.592502876823204,-14.23359483888633,-13.533820562192874,-9.097140735170266
2049,-11.68317003961375,-14.693213607649405,-13.628132897599848,-8.985625410083726
2050,-11.997980260471204,-15.094765218327378,-13.693146669849598,-8.917635403304129
2051,-12.44735408594943,-15.453345176771464,-13.720547632777047,-8.893488834173073
2052,-12.870868010731488,-15.790123678857968,-13.699715491021518,-8.89499620855213
2053,-13.140276871954322,-16.109108130459582,-13.656950464053976,-8.915580555850504
2054,-13.187327671632856,-16.408103330078443,-13.621572524778111,-8.954983528510416
2055,-13.28733121426651,-16.67332334564637,-13.590354461746182,-9.074470326654186
2056,-13.708982851915621,-16.89815871346822,-13.558778213487441,-9.321427289631217
2057,-14.182903890263725,-17.124158532718738,-13.544394369016892,-9.60848367080621
2058,-14.38738832475319,-17.390732592197928,-13.567101843249842,-9.83587841061835
2059,-14.454659988720584,-17.67583518045074,-13.645071091016892,-10.022306427384674
2060,-14.586161399451628,-17.942707717421822,-13.789244587092881,-10.211215057387767
2061,-14.80322803929613,-18.17572898979042,-13.977390148980874,-10.409239994258881
2062,-15.084376754388478,-18.36768145696562,-14.184864200152557,-10.617847642024449
2063,-15.291236752556694,-18.530741372459385,-14.436074303706867,-10.801979673589125
2064,-15.298580635255153,-18.679815134150306,-14.75316704972678,-10.928196629682457
2065,-15.309407140232933,-18.797264557671035,-15.094636878716022,-11.073725709034171
2066,-15.535892651066796,-18.863694959456087,-15.422923445640514,-11.300290541501262
2067,-15.79660623707119,-18.88892705305926,-15.712044998254221,-11.480710437522525
2068,-15.869069140415679,-18.89063101176558,-15.98450822975459,-11.485033040909805
2069,-15.79946507151462,-18.885744300081527,-16.23475643138029,-11.36389329661717
2070,-15.683758719951225,-18.88376003946226,-16.460607160010703,-11.21508945788904
2071,-15.600919595802075,-18.870038266384704,-16.650893210094488,-11.106577838456912
2072,-15.603501472640248,-18.82288931052827,-16.796465175812248,-11.087210529559153
2073,-15.504429787861975,-18.731770378868784,-16.921872476412357,-11.112370742320767
2074,-15.139466494430046,-18.601875047748795,-17.05022876296493,-11.123111224652073
2075,-14.794095407027799,-18.456794287313603,-17.162836644562443,-11.189682975104837
2076,-14.765643874138354,-18.333281916339452,-17.231596784623743,-11.381844931113113
2077,-14.88019571389451,-18.28200243447265,-17.242390973042745,-11.630329191221776
2078,-14.893209858289472,-18.330798638981666,-17.191054190550403,-11.846776899066246
2079,-14.788192148083201,-18.4484146651964,-17.092504236016644,-12.004960388584802
2080,-14.609728427888548,-18.574290775535246,-16.96952471916342,-12.105933415274675
2081,-14.50297370857959,-18.6340729059398,-16.832488041891448,-12.202137561063632
2082,-14.592544724644327,-18.573814891651637,-16.68429563272223,-12.347014371326635
2083,-14.653101126956804,-18.418360008638373,-16.528528271930128,-12.496194109415148
2084,-14.447965065011681,-18.219550113966903,-16.360446306753932,-12.587717502524267
2085,-14.180286120480732,-17.988098776541424,-16.157222343827552,-12.638793341273885
2086,-14.093107586449923,-17.726521210026586,-15.899034696966543,-12.675088614068953
2087,-14.092984541336891,-17.458923298585788,-15.590075687421695,-12.674041103546424
2088,-14.037732439941133,-17.194523378069267,-15.24461187344137,-12.617214627434812
2089,-13.878146020165577,-16.905593318241618,-14.876596180404007,-12.508163903877147
2090,-13.603040732653023,-16.560157970177144,-14.49780428738884,-12.36147835027517
2091,-13.39587422100643,-16.136053457751093,-14.10785087413365,-12.236290873349482
2092,-13.41416882103841,-15.632982492340782,-13.698342420580856,-12.173591757697746
2093,-13.380380108474379,-15.107525671780246,-13.2660986317407,-12.098210408403313
2094,-13.006489533323023,-14.623487278027618,-12.803319815400904,-11.925120888938668
2095,-12.495973296451258,-14.179954497630261,-12.282355699529209,-11.669287654462796
2096,-12.108071932235756,-13.76009752805176,-11.68160220298051,-11.376626346005263
2097,-11.802573717044561,-13.388094194319942,-11.011210115219889,-11.087070811076728
2098,-11.47047629335101,-13.075221347153134,-10.291982533880748,-10.833002987169692
2099,-10.959534869648973,-12.776516177582378,-9.542317707958956,-10.588043272398144
2100,-10.162721111551845,-12.437244045241977,-8.774912968808103,-10.307873389261804
2101,-9.3330624876035,-12.02347519687961,-7.980358699064824,-10.020559262885868
2102,-8.742311173944202,-11.519434774421704,-7.147372241179933,-9.747726266305257
2103,-8.197420337943,-10.938233917096445,-6.289309402569642,-9.386866600185284
2104,-7.4592053181674585,-10.31092530039532,-5.427651168128135,-8.856337317213656
2105,-6.6627591028948645,-9.664903538137086,-4.578204824341796,-8.253947012070242
2106,-5.978102282650047,-9.020577732230102,-3.751479150925433,-7.701446672412267
2107,-5.403570269357773,-8.392833833495404,-2.949880617516497,-7.2180114517619876
2108,-4.872679864781635,-7.845587603207092,-2.2050789572272356,-6.81930736422589
2109,-4.27227213491918,-7.407099589970697,-1.583595506191102,-6.509194033473765
2110,-3.511323896867161,-7.119241929324435,-1.1033739795065494,-6.290349661753641
2111,-3.032154302181811,-6.901274172699517,-0.7181106047064717,-6.211463861754436
2112,-3.244813333431433,-6.63310368211092,-0.34615459273717986,-6.2767527048154745
2113,-3.6802569188693828,-6.291651768922676,0.007925810769005205,-6.2982607651732625
2114,-3.755145533899387,-5.9001444099784015,0.3400700676237527,-6.101366396492322
2115,-3.619562581268083,-5.496136440939915,0.6279059220706164,-5.781120573959011
2116,-3.5154739911209565,-5.004946781404775,0.8659973063196718,-5.537397837557327
2117,-3.50456804790308,-4.57000736734553,1.1437450965375946,-5.3150414925747285
2118,-3.5378552077898604,-4.170676073438458,1.4816523225808247,-5.071179007607176
2119,-3.4084913164344686,-3.778723512544709,1.8315480941073794,-4.762560236111929
2120,-2.9203448959968634,-3.36454882218889,2.132302471381951,-4.357638456653493
2121,-2.3288328724710876,-2.9228379303041927,2.38436690416325,-3.929484965710547
2122,-1.9672651752419872,-2.4719875144918713,2.6123150640575834,-3.57491299042619
2123,-1.6876929257078097,-2.0369099609467396,2.834008995984685,-3.277306329594915
2124,-1.2532182377788388,-1.6483073786682358,3.065830525785588,-2.9913004430655277
2125,-0.732367924857017,-1.3567887679783763,3.305539761920804,-2.7276082954405654
2126,-0.26221746433422444,-1.1888626521254568,3.539355306445055,-2.5033726216405348
2127,0.00925945108751224,-1.0831556961367332,3.764474890041163,-2.3433998899809607
2128,-0.023010954805765656,-0.9532996596500265,3.98164606798285,-2.2586174619041133
2129,-0.09556444878211362,-0.7625595356359831,4.182009656835764,-2.156038111066866
2130,0.10141397405000274,-0.5062534581804005,4.361332246553123,-1.9371151114129588
2131,0.35969366191233687,-0.20265779672417464,4.53957438890618,-1.6481846304302226
2132,0.37301473714136385,0.11273979829867414,4.7356894060199375,-1.379142179845264
2133,0.25748188217123297,0.3961802727162614,4.938136468038315,-1.1519361674367612
2134,0.20715582218195366,0.6227778042362759,5.122671597506348,-0.9729583734339723
2135,0.2293091029840346,0.84346073946436,5.266297980273124,-0.8446662684134597
2136,0.28047632372815307,1.1167263850987017,5.350185517283108,-0.758055599316653
2137,0.1970572271069269,1.4013298135290242,5.374749462744149,-0.7540841311733961
2138,-0.1767453240560336,1.6312003838432174,5.350814192562725,-0.8614270950800609
2139,-0.6235826551542714,1.8001190562717808,5.281977514538112,-0.9671495894328012
2140,-0.8647970583236462,1.9207805997614609,5.173160190980002,-0.9462842680305569
2141,-1.0416911707612448,2.0081482018415415,5.036749943558823,-0.8362208776527777
2142,-1.365783527895048,2.083344692599375,4.888315777555544,-0.7184321209052092
2143,-1.7494308536648988,2.141290149729395,4.7475311330234256,-0.6063372798407759
2144,-2.041596686316116,2.173599996623173,4.631446746501061,-0.49681394535026746
2145,-2.1210504689096967,2.216153758607989,4.546794890297096,-0.3530880853051161
2146,-1.917318075121454,2.307847799245265,4.48984543804785,-0.13814601577656693
2147,-1.6741877993154959,2.4426461808719564,4.4440076565903315,0.05661803067494008
2148,-1.6714584823721697,2.597760172298674,4.390743494735385,0.13574380676729184
2149,-1.710984583285317,2.7544138528874234,4.323703369015993,0.1954025841345653
2150,-1.507908751713694,2.8958457731858296,4.247854912815557,0.3687839916475047
2151,-1.199534078825706,3.0169012401312534,4.178856320828529,0.6564453184865346
2152,-1.0016359859012516,3.118720908058701,4.137449813634931,1.0131346973952484
2153,-0.9125155216923556,3.207401398411861,4.139911583285978,1.3871192261875531
2154,-0.8834828534863077,3.2818696893649784,4.193497013511368,1.7245325731274785
2155,-0.8048322731562706,3.2999680374625995,4.2939589859302805,2.052040283406048
2156,-0.5795023194536094,3.2243469224135106,4.426121107078411,2.417260384541936
2157,-0.4452162322417645,3.085270884207913,4.564406615655543,2.768034646655003
2158,-0.6594585291125488,2.938713274830638,4.685196957753164,3.0395921019554066
2159,-0.9732364827887813,2.8306006737880556,4.780516034703498,3.2707343735912944
2160,-1.049760563076585,2.7912882721979195,4.856202046022335,3.5166960780157264
2161,-0.958131476412227,2.805463018560369,4.929479426047811,3.752213606205047
2162,-0.8706465772543807,2.837984395175781,5.019128151310674,3.9422479496045493
2163,-0.868331459891305,2.8746430995301155,5.136780394095754,4.106623104753651
2164,-0.9975703144303543,2.9143263620861086,5.278440865482344,4.268050564792852
2165,-1.0816626673240612,2.9720365067454537,5.408179146386862,4.427629806908992
2166,-0.9218234177783476,3.0649330337345893,5.483533857833227,4.572407875362493
2167,-0.7645794513186974,3.1827862764714463,5.488867218504255,4.636888154372444
2168,-0.9091797038787852,3.3024567145156203,5.423867800367732,4.562141349779353
2169,-1.1390144580933825,3.40060594531302,5.300177388910478,4.4035732696046646
2170,-1.1531397609686123,3.4601105583653173,5.132150705150119,4.245021896087405
2171,-1.0094113389092214,3.4908123882018374,4.9058917988075885,4.091652632023963
2172,-0.8555090362583408,3.511329524903454,4.603116703544021,3.92906671491927
2173,-0.8309433796720468,3.5250935842385887,4.24321878643979,3.752724715978501
2174,-1.0333009266097664,3.529451612575223,3.8529153313202453,3.564055855385787
2175,-1.2011240258730198,3.50874231215832,3.4284919969338428,3.4315268183490133
2176,-8.977747520033839,-12.4025661138711,-13.197772340663956,-6.9335565210026955
2177,-9.147577766458863,-12.745358969479275,-13.509305687778136,-7.189574092520676
2178,-9.566122132513376,-13.09314507536836,-13.776461827853488,-7.521759649741639
2179,-10.113804032688225,-13.449902496363277,-14.02188897457139,-7.932292504959049
2180,-10.603150896144045,-13.815533914478834,-14.270895650117314,-8.398077547695577
2181,-10.916384534764125,-14.1779731469439,-14.524079530245865,-8.82127617506131
2182,-11.00154339652158,-14.525793807970802,-14.77220722369654,-9.11972909703254
2183,-11.109529866100466,-14.839448691858639,-15.006773737949972,-9.402828755015076
2184,-11.489563766345023,-15.110888451657177,-15.22385529052082,-9.79008686083374
2185,-11.896248069661398,-15.376275167643328,-15.43643671411292,-10.186409710113933
2186,-12.042158400068237,-15.67274885458623,-15.661520630905242,-10.474329177701698
2187,-12.095002824636005,-15.997381783508606,-15.904759213857599,-10.686757871652269
2188,-12.270290362208746,-16.325670227567414,-16.16258882863786,-10.880393678114778
2189,-12.542422094130389,-16.617823624656737,-16.42202735773459,-11.082400465059456
2190,-12.831661047023134,-16.839529041905358,-16.666047662408157,-11.310684351524426
2191,-12.967412418717508,-16.98591381237452,-16.878472099508738,-11.492553699452836
2192,-12.826256235917274,-17.07711622121117,-17.05170305773412,-11.568952106958552
2193,-12.697049588103372,-17.171261856931547,-17.202481898073955,-11.686504404443243
2194,-12.87901386231275,-17.31562470548744,-17.351979285641526,-11.98380172668118
2195,-13.153766239045721,-17.47533875692893,-17.49531575325728,-12.349290349097247
2196,-13.24358592419279,-17.599603083369157,-17.633386426284705,-12.628793361782016
2197,-13.233647366509988,-17.685959621146157,-17.769587424717784,-12.787314814294842
2198,-13.269926307519787,-17.74939634711351,-17.927118404982778,-12.836162308483797
2199,-13.432810018255582,-17.821590079323094,-18.122546071687403,-12.853322274320151
2200,-13.760336591919588,-17.928778933935256,-18.342144817259722,-12.926907398886062
2201,-14.046016664325746,-18.039521216633062,-18.556541437568587,-13.009781551133303
2202,-14.086943196825006,-18.11229244173719,-18.741746689928526,-13.036041660218228
2203,-14.108528551964353,-18.150171532717458,-18.87534588796805,-13.08002567655829
2204,-14.3585678988777,-18.170371539034576,-18.93450816914811,-13.214428824459715
2205,-14.641543560451751,-18.18468897946193,-18.92863995140839,-13.373743364241907
2206,-14.719441736312861,-18.204468231131386,-18.908841107355336,-13.477853327301514
2207,-14.638811881862113,-18.23378608831717,-18.899359966869543,-13.521786261245998
2208,-14.500634952607932,-18.26449025269092,-18.905210663365526,-13.519348415693582
2209,-14.403304864900253,-18.276140016538136,-18.887603903845427,-13.49802238090022
2210,-14.415888004480085,-18.245402072647682,-18.793615352534577,-13.485104778424787
2211,-14.349533988354008,-18.158148358142206,-18.591854905425407,-13.43857975369593
2212,-14.023335073526322,-18.012574768286846,-18.276321236537466,-13.316708806865789
2213,-13.672573542975314,-17.81422222122847,-17.879606047042266,-13.183062248051979
2214,-13.557839592407985,-17.58516870799763,-17.449661837228774,-13.100165195969314
2215,-13.555752971703594,-17.378127958325873,-17.014107552788886,-13.027726095672385
2216,-13.486584799570137,-17.2381260639573,-16.58553629239288,-12.907473591262683
2217,-13.324654082977313,-17.166829441337086,-16.17153355734963,-12.701220216598475
2218,-13.093040918048024,-17.135660414696183,-15.76288050350435,-12.401286230562448
2219,-12.96222716676774,-17.09047977718604,-15.320706041945028,-12.107219968730023
2220,-13.075999152642776,-16.9747734506793,-14.811654486668225,-11.920765565285702
2221,-13.179028712992155,-16.762055971685626,-14.245253126767347,-11.789844479989236
2222,-13.000627032885898,-16.44914437434502,-13.648685224798864,-11.63502377373199
2223,-12.740691263438292,-16.05057966322862,-13.04415031041617,-11.48487712288895
2224,-12.638748309198165,-15.587680617748457,-12.451356870395498,-11.371303174321111
2225,-12.589632916898998,-15.072756564092726,-11.88163998367875,-11.26245120336588
2226,-12.43294468757457,-14.511725177408307,-11.335369232132598,-11.119833389084263
2227,-12.062748504690239,-13.897532760786744,-10.803449995080303,-10.888313129630253
2228,-11.434608269737671,-13.231380793259445,-10.274720740460207,-10.536127882665138
2229,-10.802399627911026,-12.554908094135051,-9.74295856501018,-10.16806982095815
2230,-10.416243293860555,-11.910697396553124,-9.203451236768784,-9.883141312361051
2231,-10.046485887404497,-11.311476985262097,-8.657131150142565,-9.582706762258802
2232,-9.420072829200844,-10.745589182201824,-8.098595646815722,-9.145102863959183
2233,-8.696014195847276,-10.15857583609006,-7.493043470381583,-8.600419339530621
2234,-8.083497377879128,-9.500173412360379,-6.80823143673851,-8.00786816823112
2235,-7.565254050508852,-8.78758849825729,-6.050986590343944,-7.3832476482613325
2236,-7.027328261540307,-8.077983464858525,-5.276131093022202,-6.748629871709139
2237,-6.378269116917354,-7.428078074070128,-4.573214780710094,-6.125990653334099
2238,-5.52520900834271,-6.890341924792351,-4.007559483673743,-5.537204892656577
2239,-4.866787442078283,-6.480185762752612,-3.5952439515981798,-5.103547072096138
2240,-4.782975200786679,-6.175823543880651,-3.2972055907542615,-4.906873807470487
2241,-4.817192159382457,-5.92232366716975,-3.049928198514536,-4.784879034545265
2242,-4.42206233594001,-5.6532250416343715,-2.7906860275229177,-4.553893624642042
2243,-3.790622169657736,-5.313663273808711,-2.486971568226942,-4.2696706969572755
2244,-3.5194924954523334,-4.884719314356035,-2.10200326511908,-3.970311864083277
2245,-3.336137396432684,-4.382305858631535,-1.700208795228292,-3.689250665836496
2246,-3.2025348413417127,-3.8561085630894567,-1.3059313711335314,-3.3727319934106355
2247,-2.958199263294757,-3.3434785549439887,-0.9289869094925854,-2.9656646967341587
2248,-2.4562439191348298,-2.869264709322471,-0.5377946262156077,-2.434842593610185
2249,-1.954321866532299,-2.4326566898223927,-0.11225319338392475,-1.8734372643941137
2250,-1.7557977354825873,-2.0229111434789138,0.3592483270125784,-1.3986806789626718
2251,-1.659881574407705,-1.6503752412825776,0.858186812192731,-0.9821582381646171
2252,-1.3705023432666257,-1.331706680444998,1.3464520917312817,-0.5665652565347035
2253,-0.9326914558518478,-1.0848734027265716,1.7861424756506659,-0.18316160763556674
2254,-0.48323591813175176,-0.9160708887207475,2.1459955826471697,0.11514039366659144
2255,-0.15635669021950582,-0.7827791433807281,2.4132745994595397,0.24955147077480433
2256,-0.06123492177693409,-0.6317271173335732,2.5932003311379948,0.16674104371660642
2257,0.00014865727601197712,-0.45477099616787847,2.7006809658500983,-0.005630037422542186
2258,0.2696125117105647,-0.26086716128468573,2.760056546900842,-0.10412052375472892
2259,0.5290781386341293,-0.04982419747247007,2.801156874026131,-0.164597720963429
2260,0.4941439954978848,0.17428779414180812,2.850165663535656,-0.264352959405123
2261,0.33083900463326377,0.4097485467461869,2.9309748663896213,-0.3323553020093673
2262,0.28545066562157156,0.6523399567397009,3.0528064365206284,-0.2844540733892251
2263,0.34751109081209314,0.8683479903388822,3.1827400604521108,-0.1254153756283551
2264,0.4448406133754972,1.0270386794159443,3.2830365452729344,0.11338608324231983
2265,0.4584354588877712,1.1474517696204054,3.362943354789013,0.3584742951257904
2266,0.2871842791809689,1.2645665736339404,3.446954585551617,0.5408458662349072
2267,0.17286645687637126,1.391522277718519,3.5453547993235093,0.7439860941507839
2268,0.380564640181585,1.5308110270965374,3.659291477565883,1.065842145865101
2269,0.6561807006472408,1.6810574460953838,3.7668329250587975,1.3984329119223864
2270,0.6540907922949017,1.828844645303694,3.837844949454125,1.5982588476526334
2271,0.44389819616482734,1.9463033808846704,3.8686342421588877,1.6775389558498068
2272,0.20470738921123577,2.0114582679746125,3.8607606819316387,1.69524100369773
2273,0.023969185660057263,2.021533067116975,3.82237806849591,1.698362879893289
2274,-0.03752138989931442,1.9951850328843133,3.756870461935174,1.7333293424570666
2275,-0.11519044395908376,1.9897174722634652,3.6739985009645486,1.7588880751881733
2276,-0.3664270331165041,2.0608917149876462,3.609171714233185,1.7233340682340645
2277,-0.55318369631865,2.2054049748899045,3.6053783193325217,1.7398545951850777
2278,-0.3978516474330117,2.3913241176507514,3.6671842206641103,1.9298323477858736
2279,-0.0845173508358453,2.5881898576037496,3.762722998185595,2.2080187658283026
2280,0.10978407762186893,2.769757168018565,3.865424087279879,2.441673654647671
2281,0.17595610453273008,2.9336818554502004,3.952056460296095,2.607971274039941
2282,0.18183501321637707,3.0899831394433286,4.011673832642521,2.715892742288678
2283,0.24414575180792636,3.2454024034912785,4.041415404818668,2.796516827609225
2284,0.47065369635093496,3.397440568685319,4.04581631189086,2.8850722667821334
2285,0.6626371910327274,3.5123912788105733,4.033832867928898,2.9016781940523075
2286,0.5829938979778837,3.5564602354619264,4.013602138486115,2.7622854855162795
2287,0.4202953685665471,3.538852551580831,3.9849525503534498,2.5649758179932793
2288,0.43489711306832635,3.490741389504179,3.9452209234177538,2.438969887404117
2289,0.5380779136116376,3.45003175668793,3.8974425876301986,2.3831970532759352
2290,0.5683755849585509,3.4468108924048795,3.847236063484568,2.350073219716019
2291,0.48149006434596353,3.4786153770932633,3.8003375974244706,2.2662421504810544
2292,0.27580414595355746,3.520738199109626,3.7614540212047887,2.067478931505816
2293,0.12310541582646667,3.5273430862513706,3.7338755314216097,1.8384421389996501
2294,0.20419852911468356,3.462648791456484,3.7145391043963008,1.6945880096371086
2295,0.3010341312675958,3.3623934191520664,3.6880144967197244,1.5780107532950924
2296,0.146849172560168,3.2825055825239886,3.64234927163255,1.4021154046667057
2297,-0.04363828764243183,3.2231855761515305,3.548163682076683,1.2208108406998608
2298,0.015110525820889231,3.168343417795846,3.4076434301511416,1.1085641078105704
2299,0.2376154369266738,3.124901367836709,3.2393387454745883,1.081730311019854
2300,0.44674796683882123,3.096322156515131,3.068304210849625,1.13081281938334
2301,0.5093985101645074,3.073369328201669,2.8971454899071367,1.1622308873792047
2302,0.34216756121616804,3.0456636171157063,2.7180904622238886,1.0827906335028548
2303,0.17910384490730985,2.9921156305535295,2.52270785988907,0.9922565031852191
2304,-9.035507557757759,-10.01033427934644,-9.552089108113075,-5.020934036484626
2305,-9.190956745166071,-10.361489904720461,-9.83206524280234,-5.150840059293694
2306,-9.549119648855733,-10.738851528778715,-10.074257982330742,-5.3288752232767616
2307,-10.007032922470295,-11.099032847607292,-10.294096159933744,-5.530088497844543
2308,-10.40759844626169,-11.399937249873203,-10.517044187150914,-5.713382302704836
2309,-10.702791147804541,-11.648229205733585,-10.756817412834728,-5.849876240645982
2310,-10.885608213461685,-11.873109566676298,-11.024558730101187,-5.927071339148496
2311,-11.132468296663966,-12.112199975020044,-11.342628286832618,-6.031853796073074
2312,-11.595511767499993,-12.391527856180007,-11.718023148650284,-6.247974788594282
2313,-12.008420135868835,-12.692303450651098,-12.116344253389059,-6.484316430676029
2314,-12.093720066834647,-12.975097180602024,-12.494482970143231,-6.64040367989246
2315,-12.04569321507592,-13.200782880767402,-12.8254526845991,-6.803305975594685
2316,-12.12019318222906,-13.346970330506995,-13.099065285054571,-7.064123685327653
2317,-12.293301237864544,-13.435198314184627,-13.337042072952064,-7.364500417539336
2318,-12.483964090915954,-13.503205210185763,-13.567713473444966,-7.615620934296275
2319,-12.597624762456729,-13.584862949264284,-13.792264362458267,-7.735809671711898
2320,-12.565168934662557,-13.69765393654263,-14.002557950225208,-7.682860903679329
2321,-12.58283660546462,-13.798905399275707,-14.188662513207152,-7.577456945591596
2322,-12.847247820708123,-13.849449639872898,-14.346156747184894,-7.559655270055367
2323,-13.1557799842737,-13.90030441852252,-14.501250747019593,-7.589938771204531
2324,-13.274918900566938,-14.013887979388079,-14.67980395030611,-7.595685068795335
2325,-13.329881787012074,-14.195763271100812,-14.870263498938925,-7.611900865414774
2326,-13.483348729002234,-14.423373265879574,-15.04855316160296,-7.676780671881177
2327,-13.710344833563218,-14.645458639393151,-15.193607388554183,-7.779208931405848
2328,-13.943634409475345,-14.808939651909144,-15.28945106101987,-7.899646208404031
2329,-14.045775805433287,-14.90275562334858,-15.342896945877532,-7.985004873188908
2330,-13.911535223443826,-14.941570770290962,-15.366187138719074,-7.9933590101336005
2331,-13.750919637622278,-14.958248539211928,-15.351574317103346,-8.000974500217062
2332,-13.782589452256028,-14.97879181170101,-15.28851583289492,-8.08151814285489
2333,-13.812618533941118,-14.984361431219796,-15.178006068168385,-8.14979862759801
2334,-13.616941408190144,-14.942053663342387,-15.026711757912873,-8.11206515784774
2335,-13.318919748940365,-14.82606370273711,-14.846226957803927,-7.997593034497367
2336,-13.084075777065332,-14.633920785105898,-14.6541199888081,-7.870298303274529
2337,-12.948197199461099,-14.42152868368049,-14.471255818393884,-7.808583323561606
2338,-12.899249908720783,-14.251167492576746,-14.315951586077764,-7.867358213062269
2339,-12.744580356759101,-14.14537411735058,-14.199135093544928,-7.95868702579185
2340,-12.330366092392335,-14.092655653752503,-14.121666519026357,-7.977127176819576
2341,-11.95903277124342,-14.016995814382712,-14.074757772055007,-7.976798439742274
2342,-11.944963335232538,-13.85079009194765,-14.04214053037096,-8.028333320190484
2343,-12.092250006245466,-13.639490965790564,-13.998499602552888,-8.077186744740807
2344,-12.12518693825387,-13.452804683710493,-13.925912865316588,-8.061130473821448
2345,-12.030235897583584,-13.302538083843759,-13.830959626849744,-7.982717547081225
2346,-11.854052912648054,-13.171250090197116,-13.730200991437314,-7.860608372298032
2347,-11.720799804132051,-13.009809332385961,-13.641177497520632,-7.74715538733515
2348,-11.732061822924157,-12.762021632242162,-13.572444524680746,-7.683432076798673
2349,-11.62611739686023,-12.40718979356192,-13.504028055647938,-7.59113751074808
2350,-11.15514643235776,-11.955576452523083,-13.40814239561527,-7.392194335585276
2351,-10.601856583808562,-11.453348897972104,-13.273950136019662,-7.158301480162978
2352,-10.29335779581349,-10.953215476097798,-13.0978695624071,-6.981941026844239
2353,-10.141884270208536,-10.464682738100924,-12.881698383904894,-6.865150216707428
2354,-9.971495997007205,-9.98391860488361,-12.631385315072295,-6.784735348230635
2355,-9.662545309975648,-9.527363988502245,-12.341896795848394,-6.704439410811666
2356,-9.141765594059624,-9.105230121888615,-12.012215880791235,-6.586782872283981
2357,-8.627766962228545,-8.711539055478795,-11.66865398282628,-6.467219199094672
2358,-8.339450841454003,-8.329386576996612,-11.336025956545447,-6.383922952623594
2359,-7.9945724395415665,-7.918780299487341,-11.01214673779332,-6.2604555330580665
2360,-7.2916433085566235,-7.445069805806041,-10.684647400715088,-6.023459772369003
2361,-6.466080985233699,-6.91376197514382,-10.334003271368058,-5.734028287472336
2362,-5.797194015544087,-6.346079262556178,-9.948197817231922,-5.4579366426081215
2363,-5.2084787359855165,-5.763163976540498,-9.55227499223134,-5.172308024195841
2364,-4.528412174073907,-5.214646752064926,-9.211786307569902,-4.833529280619917
2365,-3.6663938697564644,-4.71801657223524,-8.955626903902324,-4.386777761043436
2366,-2.5621169550517773,-4.29774621133689,-8.815996863395844,-3.799568760276084
2367,-1.6877360244557664,-3.953201041829259,-8.783607340733356,-3.2442487244867726
2368,-1.4564913449915315,-3.6596412529358746,-8.815463632968454,-2.869912285987712
2369,-1.2529504788303159,-3.383338223432886,-8.86136796409629,-2.4720615008069027
2370,-0.38512273188726265,-3.1007208836505016,-8.87791169648488,-1.8285055976868287
2371,0.8367850517839701,-2.824548154652977,-8.84434264201453,-1.0599387791290527
2372,0.6552564697882908,-2.500996017532151,-8.295847829500696,-1.5179669225903547
2373,0.3950458328481069,-2.217072648814489,-7.710144684298416,-1.9833817038609878
2374,0.09864822756819813,-1.9614203115764184,-7.0812959775886934,-2.4716660016417196
2375,-0.11177765911488313,-1.689834537842625,-6.442317105061932,-2.944434025222953
2376,-0.11748758268369075,-1.3614894800712087,-5.832021439389384,-3.3480273001765504
2377,-0.14165579195613065,-1.0015250462149399,-5.248265791595721,-3.7392544487320265
2378,-0.44574901109206133,-0.6638813881124628,-4.6737644274354455,-4.184371217977228
2379,-0.8312789855457886,-0.3781687682971248,-4.10136036587963,-4.590841366727962
2380,-1.018272587849357,-0.165753732595595,-3.528841094429966,-4.854137428089304
2381,-1.075347851199119,-0.05942534917681309,-2.9646660176912856,-5.033068269834599
2382,-1.152732497575094,-0.06336383559651118,-2.4239437620109205,-5.227475104757654
2383,-1.3293402891870314,-0.11752235909631095,-1.9205700357878834,-5.476108798931967
2384,-1.6508725506568533,-0.14112988105307384,-1.4601712503473605,-5.793258590563256
2385,-1.9352197804636149,-0.06183680605357237,-1.0265800546625201,-6.141370042564144
2386,-1.982055577125443,0.15586436462612013,-0.5980840179806827,-6.466863921214679
2387,-2.0332655912342004,0.4554770606096803,-0.1670760130453354,-6.806614359003391
2388,-2.3842582186163455,0.7472617565963005,0.2649803102059049,-7.208721258753181
2389,-2.833634856405597,0.9789867228977988,0.681592740796408,-7.62049972774244
2390,-3.0923506381158363,1.1348277019926745,1.0665627749502078,-7.973794235936213
2391,-3.1929697718392704,1.2641484203460074,1.4378079480224122,-8.249527169801896
2392,-3.254037896823438,1.4354992327012246,1.818794596899391,-8.456043430419449
2393,-3.413138226849904,1.6481120131094944,2.2019405086126214,-8.674706669442717
2394,-3.783449835319205,1.8721063805986866,2.57014647074744,-8.986270970070803
2395,-4.1474478642341115,2.099710168064762,2.9091335129583613,-9.307430208085359
2396,-4.245045444050243,2.318488546607858,3.212298355957095,-9.524026202900595
2397,-4.291318484953386,2.504601059758289,3.501204838061554,-9.693482602881707
2398,-4.578834099890753,2.63827777900319,3.806271107568839,-9.89756333186531
2399,-4.98918021468721,2.6932765001796484,4.140464016834633,-10.082409744366398
2400,-5.317276552772391,2.6611579900819082,4.503481695263429,-10.171686274765502
2401,-5.516857104445554,2.595003126036938,4.878954535105743,-10.136021657440905
2402,-5.593426574149485,2.5625549937494165,5.243862164256727,-9.977127283787286
2403,-5.700748609550831,2.5908762529794087,5.588906128911861,-9.78611892644302
2404,-6.002052174982433,2.6802849718631396,5.912377746025611,-9.671086708156661
2405,-6.30151772254016,2.808811513490322,6.213363522893804,-9.61454417048489
2406,-6.352010790469761,2.9405795750667867,6.494374399141182,-9.563048929476446
2407,-6.3142318755525135,3.051959635444773,6.7549183288323755,-9.547812142706888
2408,-6.426001483096255,3.1327746814349613,6.996451606331243,-9.606398199863722
2409,-6.655593899280966,3.1809427517176183,7.236008194645235,-9.71626153383126
2410,-6.9092806418248305,3.2067906590051454,7.490532842207356,-9.844105093489649
2411,-7.121838236812715,3.2335243027796747,7.75399840984593,-9.965044736129382
2412,-7.2422389484436875,3.280386942156553,8.0099049695512,-10.061617793441066
2413,-7.4163612064500795,3.353974728216483,8.253510547924702,-10.157604584377761
2414,-7.801900773144252,3.4421425933250815,8.47612087893544,-10.285237903623456
2415,-8.189724058597706,3.492769579400318,8.638857007330838,-10.421726354163813
2416,-8.32421288272145,3.456483029633418,8.709884210537403,-10.534186735742402
2417,-8.333701359082148,3.3412607984298255,8.70901044304089,-10.636105504732937
2418,-8.425179422072048,3.1841213549456464,8.676557854152412,-10.745449751601166
2419,-8.606664789963693,3.037280000037407,8.644142814800665,-10.860667460779542
2420,-8.829151702890062,2.944328761696336,8.634985917523009,-10.970903431762684
2421,-8.963431660809997,2.877097657618651,8.64935521142855,-11.018144207184783
2422,-8.889803495051613,2.7894405943609013,8.67154135518351,-10.954213366144995
2423,-8.81656762943337,2.697262421718275,8.692695523107135,-10.864048539700518
2424,-8.990135941472355,2.6321495422139307,8.703169532446955,-10.849908170580479
2425,-9.220445786601562,2.60715421789769,8.679485820367512,-10.861062738583824
2426,-9.241651204855055,2.6220035535391917,8.604232406623488,-10.816511393190945
2427,-9.129346234915936,2.636810621819765,8.488336021429316,-10.734605212898689
2428,-9.033500707252836,2.6058469219862492,8.355963661219398,-10.654998021099708
2429,-9.012246908349919,2.528749539255301,8.222869440670275,-10.611074450294208
2430,-9.088367722014873,2.4302085776728783,8.104613414607721,-10.623810412675407
2431,-9.08785927499623,2.3487676051454414,8.031303011721597,-10.609040091250282
2432,-17.204633218435198,-14.59005247512562,-11.255758480140079,-16.374537899045173
2433,-16.38153612059043,-15.128614388066737,-11.640488836104225,-15.550394228106136
2434,-15.769449374363338,-15.675732061750093,-12.02612739817252,-14.777930292228298
2435,-15.234355047579557,-16.274521190866757,-12.41640518233789,-14.017546140029781
2436,-14.593689033738636,-16.946284208098902,-12.817618393479593,-13.209395522023899
2437,-13.82919132497027,-17.656465178651167,-13.228368918235446,-12.313750907515734
2438,-12.971909408608507,-18.351809935687424,-13.646332476016434,-11.31581874306307
2439,-12.191579793396198,-18.982622608670408,-14.068640066956858,-10.302727616804946
2440,-11.626675836487053,-19.521867309316004,-14.485296472403778,-9.358677110115245
2441,-11.009134408461893,-20.012144859378733,-14.866890500548283,-8.402813859077085
2442,-10.06445080343258,-20.509715452023293,-15.190139731928982,-7.33704201757685
2443,-9.018647363907094,-21.003607089531148,-15.46931447895657,-6.203661681919601
2444,-8.145690885438633,-21.47004976007059,-15.7271280083237,-5.06637797526052
2445,-7.365903617647438,-21.932015733189086,-15.972228583375342,-3.930866728887322
2446,-6.5293027044283605,-22.40494198772321,-16.2070010749005,-2.7924230155499585
2447,-5.513636051906834,-22.853582316470245,-16.41491775659271,-1.6183828399287394
2448,-4.247792664232213,-23.237555610623975,-16.586792556305316,-0.3831134596258834
2449,-2.9651810404875945,-23.541819049523905,-16.763541145482076,0.8357745477050703
2450,-1.9156044349010501,-23.764078839014985,-16.99120249911431,1.9593419515803385
2451,-0.8956570016389528,-23.921376908687364,-17.276642342915398,3.046526155247941
2452,0.3270355067548441,-24.039814566698432,-17.606710318099474,4.1676337972698585
2453,1.5258798760421315,-24.12077153867528,-17.953428014374122,5.2784037472052185
2454,2.4653031339534066,-24.171201150438495,-18.28227739977166,6.326960277944031
2455,3.262795440164372,-24.245350946439576,-18.577561385899497,7.313372202731934
2456,4.104607738638817,-24.39020380299548,-18.831692698460547,8.258535175205342
2457,5.1731648772663394,-24.600797274815715,-19.02765761610958,9.252305651102384
2458,6.560866008997592,-24.84359655606197,-19.157210886171733,10.360153025128795
2459,7.9384969468324424,-25.058642143193172,-19.234433958291884,11.45588007849767
2460,8.956413769218626,-25.19207879960008,-19.28208458318131,12.396698435393642
2461,9.803635800122048,-25.24722171943999,-19.32452880922774,13.230553654720376
2462,10.749978200208208,-25.253449768969418,-19.382849945831456,14.037071605908658
2463,11.702824696668795,-25.230073268374362,-19.45996899061718,14.795893298509734
2464,12.525811110585856,-25.192289370792547,-19.550414261984983,15.477832182804036
2465,13.196911418778633,-25.151825622383,-19.661907631872584,16.069608482147945
2466,13.731105570280139,-25.100966829210112,-19.791528214436347,16.5730935661121
2467,14.305911264988367,-25.00504874778497,-19.89976372821771,17.06679587357903
2468,15.08894202550684,-24.830306214959283,-19.94418203667225,17.63420408488252
2469,15.902632475132668,-24.553218572444653,-19.90513212073732,18.25338600019574
2470,16.547828973700387,-24.18033382422244,-19.782747098518225,18.882245067231437
2471,17.194079439979284,-23.79595003294182,-19.604107809049722,19.554399360393393
2472,18.02969662432602,-23.47829849920465,-19.403813128871274,20.292586697517052
2473,18.979009308164315,-23.19952995934857,-19.19893513524551,21.048245369163585
2474,19.907169685970537,-22.8947155845233,-18.989932570912796,21.762473612074917
2475,20.647521863520932,-22.52325332924968,-18.75992563386384,22.36964598798393
2476,21.096907679906522,-22.05794156640976,-18.484785460270352,22.84146350506837
2477,21.515501922307635,-21.491839947160457,-18.14571859999315,23.297930533991362
2478,22.180323205300137,-20.850318308828836,-17.738064160575277,23.862727904633605
2479,22.908402338063777,-20.191312456878034,-17.28067366364918,24.47647000608458
2480,23.45761807874196,-19.569109489089477,-16.80127225000209,25.046715619118533
2481,23.917969012535355,-19.0070760878476,-16.325879230206734,25.580947486586627
2482,24.418946489703107,-18.49333359182192,-15.86796074179753,26.103617280763697
2483,24.973452051699933,-17.958647693560994,-15.402787732185727,26.645851627836485
2484,25.566266361297377,-17.331056366631987,-14.899553826359854,27.228159151780318
2485,26.046226610322165,-16.611419921418417,-14.370442750071426,27.75326679488782
2486,26.289276153243197,-15.825793034697961,-13.831034023227309,28.12945582329688
2487,26.545049978935005,-14.975460179094814,-13.254620156615411,28.466178230447262
2488,27.064884198867666,-14.06671241484536,-12.61537027122198,28.88025108719572
2489,27.628064385877636,-13.12297159540999,-11.925538431960144,29.27525033517022
2490,27.976567270075343,-12.167160890639565,-11.203795846479029,29.541536032975703
2491,28.213159459799744,-11.22038581133341,-10.457708924093934,29.716840669745338
2492,28.4078534223919,-10.334782037671287,-9.699160079183034,29.68747055859266
2493,28.372541213323643,-9.539753687001673,-8.950269820552034,29.362119474071648
2494,27.875579167462504,-8.86865427669817,-8.227995359281525,28.559995885773642
2495,26.618889335130138,-8.2780887300171,-7.543661943745841,27.229484002728686
2496,24.50814583400394,-7.693924431289984,-6.892578637561044,25.472205256804425
2497,22.15646983363763,-7.0995055910089615,-6.234267181181711,23.56912966573224
2498,20.20870508731125,-6.498105150931214,-5.540937166362365,21.76885263124821
2499,18.478935734210115,-5.858010335707151,-4.8697694199511,20.0141710062714
2500,16.450949783916,-4.990583872128051,-4.177714608249742,18.03086902126931
2501,14.328151395753155,-4.135653578094831,-3.5984062909886876,15.92814949528197
2502,12.243508399086629,-3.3449008375414797,-3.105787380161634,13.731161263745113
2503,10.31710075175892,-2.584918083245078,-2.663302427986524,11.534875468560136
2504,8.641618833151135,-1.7991032189081881,-2.2254088571833295,9.4498807938407
2505,6.9936880162301875,-0.9676301773412854,-1.7662869064031919,7.452045090361198
2506,5.1233874196133495,-0.09525249454031633,-1.2774634044969957,5.478565527908901
2507,3.306837480809776,0.7764971416210691,-0.7478344062549424,3.5896357732286
2508,1.8903520905484057,1.5890281020499342,-0.17974805670817434,1.8503134612123986
2509,0.6991139833317142,2.3093431931200183,0.3918455853165659,0.19099221764722119
2510,-0.5531120761607528,2.924694632370931,0.9261259614059172,-1.467925323026319
2511,-1.909085645955187,3.4372248420543774,1.405279558133867,-3.108877445769316
2512,-3.3321331453324916,3.8644412690208894,1.826209515799784,-4.676829566319575
2513,-4.649830564348666,4.227569447952983,2.1938776373204187,-6.079515098406514
2514,-5.675377986586175,4.549919661549164,2.5237521702205163,-7.2385045623283775
2515,-6.6074071141018536,4.854703802037727,2.8366724277908544,-8.225874743995087
2516,-7.696997526058113,5.159667671931293,3.153119760794746,-9.150835485628331
2517,-8.71444423592147,5.484535965284381,3.489861487543357,-9.984823276312637
2518,-9.36305221305338,5.834195326804075,3.854891594286678,-10.671002936002882
2519,-9.729350125072159,6.1700935978468205,4.245047740981887,-11.236341537950127
2520,-10.003159366320684,6.447481772222363,4.646719040195909,-11.724038548705233
2521,-10.332406489380213,6.655197238002419,5.034407077708629,-12.165662692348192
2522,-10.820675103123678,6.8073855953127085,5.38321493938934,-12.589264697576175
2523,-11.280134988297698,6.945256170684105,5.683527260208054,-12.976751867772771
2524,-11.467843453385273,7.113426326072828,5.936773144940112,-13.3007760440796
2525,-11.558776856618744,7.328156996666911,6.154082591478755,-13.602906894279371
2526,-11.793596670537358,7.577561648204376,6.347825545824684,-13.93073933265629
2527,-12.007516036552165,7.806288433401561,6.515307723818685,-14.258024158185332
2528,-11.981164655467516,7.954218951818698,6.648604498842207,-14.542153332017257
2529,-11.75703150388726,8.02786341535457,6.746246926449339,-14.765863599786433
2530,-11.455565521010024,8.056045791716905,6.811687041093477,-14.923244654193066
2531,-11.25302851512612,8.029129786090358,6.857124104932188,-15.055316655983843
2532,-11.300976789855754,7.937339503403939,6.8975233797925855,-15.202271134948175
2533,-11.419407507220734,7.794237174019317,6.939616624592161,-15.287973857721232
2534,-11.362498140330532,7.622531679263676,6.983589227730446,-15.224613885403581
2535,-11.272084782714606,7.468285879732534,7.026285386186638,-15.073678359975798
2536,-11.349644526422274,7.368544295439772,7.060823473442655,-14.921575564066455
2537,-11.470569064115866,7.29661715252426,7.075252242605224,-14.741307280918816
2538,-11.456112762748655,7.2010483135679495,7.061225821075773,-14.484477097991546
2539,-11.258016337750878,7.051786110361824,7.027475149625087,-14.12941434177461
2540,-10.886094737163386,6.835263703624897,6.988947470633868,-13.6782029013601
2541,-10.531261730187012,6.557389920229963,6.950391217743188,-13.236323654809732
2542,-10.392901671344589,6.248032166758769,6.916398132863599,-12.915331644567223
2543,-10.272457831269383,5.955725646657605,6.898275330653228,-12.6572368218521
2544,-9.912429199147955,5.726870579436761,6.906214044536648,-12.359974628624496
2545,-9.501159551774688,5.586588355466018,6.953440651794052,-12.035335957321879
2546,-9.297647738041965,5.532613841167146,7.04009915336248,-11.719032346211549
2547,-9.238269184008999,5.525088075043324,7.1279842586193185,-11.404913159396466
2548,-9.180521701255405,5.5090186170963795,7.169541177573038,-11.083848897224954
2549,-9.012690041226094,5.447852878005253,7.131594793679022,-10.728209142812808
2550,-8.65611372144839,5.3217698233724064,7.003932388567301,-10.310056477919542
2551,-8.292794531500189,5.126250200338743,6.832467490234716,-9.878093008948245
2552,-8.137186177014252,4.876480750859156,6.675592028359575,-9.48598247527968
2553,-7.998635776226411,4.596775704881185,6.532290502104291,-9.072746952681054
2554,-7.620359477815293,4.318737488812439,6.381956418427878,-8.565241310364089
2555,-7.109686340887755,4.092868074694678,6.23023553088395,-7.995391449243469
2556,-6.647761847071845,3.9541246264592793,6.086406421886019,-7.423413167473258
2557,-6.268834608667632,3.881648340182763,5.952763655668928,-6.898156836666504
2558,-5.958175975873865,3.829428057540961,5.830693036645317,-6.449123829558547
2559,-5.54636315516098,3.746669373469838,5.720921348198979,-5.9989163156278735
2560,-11.83910233754301,-13.454891335990485,-8.546676873109972,-7.9923230108775964
2561,-12.092282724383502,-14.022517754654865,-8.864325514776535,-8.346723925110034
2562,-12.474799214503799,-14.526476908709247,-9.152733242281935,-8.800906053596638
2563,-12.871885254373282,-14.968554414131622,-9.413108495860262,-9.314137676501957
2564,-13.131695330113486,-15.364672227919405,-9.649339250143154,-9.805959168961586
2565,-13.29084490062853,-15.739076070282637,-9.854304259213613,-10.216230484622372
2566,-13.419125511394189,-16.107323550356426,-10.027333076736415,-10.504532632467976
2567,-13.635547943469621,-16.464233440263758,-10.171327212248446,-10.732505128000208
2568,-14.027331981020824,-16.793227646191042,-10.299304943061605,-10.978819728764206
2569,-14.38546730644676,-17.068543973860073,-10.419731730603505,-11.198775408451096
2570,-14.502449690991146,-17.27597013746318,-10.517944332334604,-11.335110589473409
2571,-14.599532099397052,-17.441358491823035,-10.564805140278015,-11.438942101130467
2572,-14.920946663466216,-17.60287198461944,-10.563515010416554,-11.562159997314787
2573,-15.31542883036048,-17.784797181564752,-10.551660410407735,-11.680459650373896
2574,-15.586076079961039,-17.99751106361894,-10.547636764436833,-11.758243856210106
2575,-15.712062738014279,-18.226695588313767,-10.549885194044515,-11.755401521742707
2576,-15.735817835121532,-18.44783809074934,-10.545691679320022,-11.659951516320112
2577,-15.870745273264008,-18.649817437700275,-10.53552647268479,-11.582053189794891
2578,-16.289814942294385,-18.82892324703465,-10.52116024192412,-11.634915264223821
2579,-16.707439749130764,-18.98321022701875,-10.500689144461631,-11.779154970998622
2580,-16.807813174570875,-19.1182376806861,-10.474203829036655,-11.940204674824832
2581,-16.761662560701957,-19.247068558030588,-10.436851245973877,-12.123612897671322
2582,-16.807577695886508,-19.38312884527425,-10.394214872949018,-12.339502368420632
2583,-16.905199107054408,-19.534678165470076,-10.361519394773373,-12.557664049865561
2584,-16.968072177229615,-19.69988154291941,-10.364414644380304,-12.756150098651892
2585,-16.907097308883674,-19.868915682794984,-10.410036158629694,-12.929242968288426
2586,-16.66302744044349,-20.020789788887082,-10.472824967053656,-13.078330132729981
2587,-16.451044846245082,-20.10950875360031,-10.529824611828271,-13.249794203275707
2588,-16.47762370728379,-20.10162164425952,-10.558667239429266,-13.469901461702579
2589,-16.514844005975228,-20.019582069836787,-10.562690592564469,-13.637521412401872
2590,-16.30570011120387,-19.905443034971658,-10.552290765450856,-13.65454190153319
2591,-15.981214537671136,-19.78833771203779,-10.516718467071488,-13.563945961642474
2592,-15.730234058265044,-19.68566604433085,-10.445212838189642,-13.449632616386218
2593,-15.595371764888132,-19.59336144051937,-10.343324473608568,-13.373197689366586
2594,-15.562145183648328,-19.49072092453243,-10.22192997369019,-13.37333702568038
2595,-15.445569734754002,-19.353004996711025,-10.095908174873818,-13.406949002145973
2596,-15.074888031767127,-19.159245233797723,-9.976611680546402,-13.406987957661816
2597,-14.65988076610448,-18.90020190491466,-9.859158855190065,-13.383273027186684
2598,-14.437614741075546,-18.57962604182059,-9.730525927477633,-13.353263156766412
2599,-14.241027714292462,-18.21480592047289,-9.576793546849004,-13.265807004003511
2600,-13.869423229529168,-17.825343123182257,-9.386852113255713,-13.077770932853667
2601,-13.399934171216104,-17.421662206962182,-9.162985804166002,-12.812031924212857
2602,-12.955055373332446,-17.006504741897317,-8.914062312468289,-12.509092258425113
2603,-12.640463650105636,-16.575201604694097,-8.640775128463735,-12.209601273401134
2604,-12.512699001850185,-16.127612792415846,-8.352693386243047,-11.945581128131774
2605,-12.335106841930536,-15.669082411721122,-8.062265054604714,-11.689469983021894
2606,-11.880254406124365,-15.217355731164275,-7.7963893315628665,-11.40880250626754
2607,-11.394878527743366,-14.838197046586414,-7.558107908355933,-11.158800570970845
2608,-11.15909319136393,-14.565024293710925,-7.338577996928603,-10.98734774876079
2609,-11.012021026454946,-14.355215664997079,-7.1085855849149295,-10.831781742681054
2610,-10.739178889906663,-14.117968856366293,-6.841295362974888,-10.615593524430883
2611,-10.342962289878898,-13.796450715061088,-6.5445616088885785,-10.31456825059736
2612,-9.882413464953725,-13.415236948715675,-6.239522076574107,-9.929868852598194
2613,-9.526156527497738,-13.005857311027164,-5.9397881799694225,-9.527359120266508
2614,-9.410808454624528,-12.607440312847656,-5.65524829872526,-9.16876835348688
2615,-9.286071733371584,-12.202606531544866,-5.387252780053693,-8.76681300186551
2616,-8.885862871411476,-11.752944193385506,-5.129801122402852,-8.24189961762465
2617,-8.418871953979957,-11.246100981717774,-4.874925590627165,-7.71115436461043
2618,-8.132514926884019,-10.678496263360797,-4.61324525963338,-7.307622283861411
2619,-7.9089253568131745,-10.04627754412032,-4.340444335545423,-7.041766714406301
2620,-7.5471692640206545,-9.385424940347539,-4.065951219582839,-6.858898059925709
2621,-7.041069073410742,-8.748453515905355,-3.819228689302397,-6.66119282611958
2622,-6.407714004110179,-8.19500118114231,-3.623010437300607,-6.349995959931448
2623,-5.999854479267782,-7.711964574652511,-3.4733992306084995,-6.062581706246301
2624,-6.1067212101930455,-7.25614601313931,-3.3666069616986816,-5.9475586035292025
2625,-6.2287772514376885,-6.8078300234422,-3.3090753420791064,-5.83866522836696
2626,-5.81470299207455,-6.360805571304415,-3.31476937077559,-5.546773846123234
2627,-5.154341377500599,-5.930929105570019,-3.4124377468362,-5.169741480499132
2628,-4.685259273277998,-5.407532350571437,-3.457489757262246,-4.711727108426352
2629,-4.361068046400854,-4.91517591177149,-3.575147509233929,-4.367701358480316
2630,-4.048479254782683,-4.425717237595645,-3.764033776772459,-4.135288277741773
2631,-3.6843879287762205,-3.9308636154406806,-3.9903299473621137,-3.933459330400352
2632,-3.229592246506376,-3.4314551334297536,-4.203500751922066,-3.661557256080269
2633,-2.82082385077862,-2.937163776054612,-4.390035555901382,-3.3422539952611636
2634,-2.607972336884035,-2.456539544352711,-4.548622018518404,-3.0320091333739043
2635,-2.3844077580398446,-1.9788678931200243,-4.682314197449431,-2.6860330993987738
2636,-1.902182987136857,-1.4847762900637351,-4.790436244388255,-2.2579201996918714
2637,-1.3156214523277465,-0.9525559634501736,-4.872421717216467,-1.7934192906550515
2638,-0.8584400396143137,-0.3762817611350364,-4.948710302000425,-1.358750228850838
2639,-0.5246489615010543,0.21146593140744993,-5.045462515782417,-1.010746924788098
2640,-0.24567378924918487,0.7574449552914779,-5.183121520689019,-0.7835841131902234
2641,0.07743908214482037,1.1971040899874497,-5.337076427886567,-0.6061216775218797
2642,0.535492276528108,1.4892236232656262,-5.474068347263091,-0.3844961273067744
2643,0.9417111355132909,1.6671099627890877,-5.575712398761397,-0.16040109768152674
2644,1.0925598561192569,1.8007050660037893,-5.644594887438624,0.007027144036424168
2645,1.2391699958619042,1.95727856673918,-5.686358623227165,0.20029429721961417
2646,1.6905515983770039,2.184559461191344,-5.690645634037338,0.5181893825389277
2647,2.3296721112500722,2.4683493242773538,-5.650765622111279,0.9604247969421387
2648,2.9291892106844046,2.765028990285715,-5.560609272529264,1.4898316735805124
2649,3.379844349704778,3.0549006991326193,-5.42958053599361,2.0401512609607266
2650,3.632830425574227,3.328109125527629,-5.277781526573571,2.543489721311044
2651,3.869760624124194,3.5812237268394216,-5.1269834427592444,3.038112194899432
2652,4.31466300380493,3.815363727763829,-4.999371676333757,3.579628278056277
2653,4.788192197447925,4.015370464101008,-4.917029118486572,4.086383949741581
2654,5.048531301678543,4.164743739288444,-4.89241581449874,4.458433485257366
2655,5.303987561438538,4.264057127542441,-4.916758078789551,4.72057653615291
2656,5.805016068536505,4.326504130006121,-4.970939444674652,4.926342610318325
2657,6.415227357271,4.380047934681172,-5.041626712759121,5.081891164666085
2658,6.906760810105609,4.456481938921627,-5.117510338140402,5.186814386719639
2659,7.1140188820669445,4.570901476513654,-5.18353138250342,5.21236621557992
2660,6.947699473233368,4.7234852937290475,-5.231441383226038,5.130781068601325
2661,6.670795953373301,4.909474368196915,-5.269411045788141,5.037016654459238
2662,6.603550723472205,5.10925568674826,-5.311501792168639,5.023782069854686
2663,6.5697901252071675,5.277626723157949,-5.3681875897391,4.965264276421815
2664,6.29674954950467,5.3726222854232,-5.443319422238537,4.710505024369268
2665,5.926536835494862,5.3749242288806,-5.529500646995517,4.326837268473179
2666,5.6718039972952266,5.294533263479546,-5.6116634545823825,3.9425147926127675
2667,5.549170544116307,5.199532949597642,-5.671204255851676,3.6097844658358276
2668,5.5186372086247335,5.161779714747988,-5.70154084220944,3.35964226144128
2669,5.412427653355283,5.179196773059155,-5.691971448856261,3.1725566699226726
2670,5.075222015480893,5.213363585680841,-5.659332493822567,3.0082625002573766
2671,4.752399152034082,5.227846216505189,-5.645262205892256,2.935696747611314
2672,4.74733665638272,5.1900924502794155,-5.671807148977624,3.023296386315125
2673,4.9069420088461415,5.094643921258362,-5.716781409244907,3.1598844752533153
2674,4.981345843089445,4.962286694984256,-5.7396014311138766,3.211140338354786
2675,4.991835255005228,4.819729104899467,-5.72720300092634,3.1919571462362315
2676,5.022746083400736,4.699926652258129,-5.677113004783141,3.163559235832852
2677,5.167938748055448,4.65292017334812,-5.582673384179658,3.185688017336048
2678,5.497751074998931,4.709880225432859,-5.444414835334168,3.301998764614676
2679,5.7960523435320965,4.834614791391458,-5.272650744429894,3.4150926463694526
2680,5.8127872909000775,4.966980746031466,-5.0798265569885865,3.4126056934102498
2681,5.714946214430201,5.07606427507741,-4.8772430365165125,3.3913440994341686
2682,5.74886600307475,5.147556660395875,-4.673898563255148,3.4861178709110274
2683,5.814369920368165,5.1766642196035235,-4.470527924096156,3.6728745382457966
2684,5.752289729654549,5.173692602292818,-4.2649270861980355,3.8787175444968276
2685,5.581269557506698,5.160278253973429,-4.066340981495029,4.039463458601639
2686,5.360845889914793,5.15261002051157,-3.8784348442743903,4.10152077258153
2687,5.215337962728574,5.147101415911408,-3.701373266389652,4.1140378674166165
2688,-11.77536061282119,-12.687032331959077,-8.836269668102693,-9.495522515069363
2689,-11.82689949605366,-13.226700793840907,-9.1018343816166,-9.67196164509896
2690,-12.216974793656224,-13.749009998179952,-9.427447877782855,-9.974699318817594
2691,-12.748132191996733,-14.21318130959432,-9.818947823493527,-10.350491754069322
2692,-13.140191252925677,-14.58669997154705,-10.259326050759569,-10.703136589294276
2693,-13.3868083722534,-14.86462229755361,-10.713898980672052,-10.999398937880402
2694,-13.543987999366138,-15.06897409524051,-11.144205306570138,-11.225121848642788
2695,-13.722804908525658,-15.256525207549888,-11.524850248271992,-11.399792354223164
2696,-14.019577560223265,-15.483021697878291,-11.847124957251113,-11.560636334163405
2697,-14.223291682372022,-15.760764817831133,-12.126416081913062,-11.695347603294877
2698,-14.125529447830528,-16.07555127051173,-12.38568041281822,-11.79117012580468
2699,-13.971483844301519,-16.399141503486195,-12.629576320549406,-11.907516337743239
2700,-14.034116522967157,-16.69926303167299,-12.857400544607223,-12.094948784871876
2701,-14.178705585009514,-16.96088633004682,-13.080063227720713,-12.318374654467506
2702,-14.21853421432121,-17.181191981645675,-13.303686551011271,-12.526763592796447
2703,-14.141391903360308,-17.364493209188463,-13.515233676466273,-12.690620356275133
2704,-13.988327530843083,-17.51763675069737,-13.701556068463555,-12.800417610231296
2705,-13.952620836923927,-17.638041131479444,-13.864618055711173,-12.921320308990145
2706,-14.18883530602772,-17.7264008744724,-14.013595832243343,-13.113709040823315
2707,-14.413677062775932,-17.795320212709452,-14.1616574798297,-13.298389294823748
2708,-14.324666206607604,-17.867875351961704,-14.321840076111515,-13.385866801918874
2709,-14.11377580314008,-17.986593835666305,-14.498832309228023,-13.431084175533355
2710,-14.038616684433027,-18.18340152813728,-14.690141700059922,-13.500903299145309
2711,-14.054752992353789,-18.447830375621724,-14.886699590775574,-13.558774587331818
2712,-14.06376152121647,-18.744585695149688,-15.075417255482117,-13.55816312507065
2713,-13.976189171979032,-19.024197237645776,-15.24936871394307,-13.481879138864112
2714,-13.727139637908325,-19.24387357001471,-15.401163078202964,-13.33231954803054
2715,-13.517112372365878,-19.39444517763175,-15.507356237773337,-13.19174880623553
2716,-13.532290155054337,-19.490180789997694,-15.552972170917501,-13.134818746590271
2717,-13.494390786423716,-19.566651999281618,-15.561161273399087,-13.083325163232894
2718,-13.113059684941083,-19.656283937529622,-15.564219670919066,-12.94605757576861
2719,-12.583480101437768,-19.743820031840837,-15.573226754811497,-12.775295507033047
2720,-12.167350541448002,-19.806174900950836,-15.594280998646235,-12.639222644845178
2721,-11.875039445371078,-19.86038088973973,-15.638539822925157,-12.531937500268011
2722,-11.653218086245198,-19.926490385404787,-15.709105922730364,-12.427719714321922
2723,-11.367356725742997,-20.003927738434715,-15.800201832178685,-12.26018967256956
2724,-10.904607731383024,-20.080651308376428,-15.895723292559252,-11.977750791477355
2725,-10.485237052484525,-20.122439957864582,-15.959187207951652,-11.676887516036636
2726,-10.337439086650832,-20.094964822646894,-15.956851397246387,-11.458985514931056
2727,-10.2603759108042,-19.999495779988816,-15.88358831387782,-11.242530910901431
2728,-10.008877247993508,-19.84981693667943,-15.74963163380195,-10.929415749149076
2729,-9.652923009833778,-19.646715751973268,-15.573975279260374,-10.559329024712078
2730,-9.313175550610541,-19.394150172785697,-15.380662562675587,-10.193316136369335
2731,-9.039433704260086,-19.107467197599345,-15.176808303806856,-9.862963541137487
2732,-8.849602432869755,-18.801896384424463,-14.978710620400467,-9.580942729556385
2733,-8.5709021428672,-18.49126423605001,-14.810200305475469,-9.261786332262442
2734,-8.049148463687176,-18.18361354923553,-14.7066754377282,-8.829622525376141
2735,-7.5256429511333085,-17.868803936869675,-14.675824273448143,-8.394552007317783
2736,-7.254916904531936,-17.53551204916364,-14.675898718343126,-8.078574332984392
2737,-7.05785733130897,-17.19119784360538,-14.644312244936287,-7.828521258987225
2738,-6.708313239793719,-16.847239310924344,-14.540203961048343,-7.556171968854156
2739,-6.247579072605903,-16.509088780052334,-14.351279063073891,-7.236108647794224
2740,-5.775045146493934,-16.176032071217545,-14.082931493360284,-6.859836639460432
2741,-5.416818839113476,-15.831735418492647,-13.772542206675102,-6.459839689031968
2742,-5.259818031136842,-15.455416370441085,-13.47684108718316,-6.07826790561985
2743,-5.089330156905861,-15.04435420036829,-13.212518799343627,-5.671766285533527
2744,-4.6773554454566435,-14.600516654122933,-12.950601311365503,-5.1991753290140625
2745,-4.196694085691192,-14.10262328092364,-12.665437194964628,-4.7394404655339315
2746,-3.85984233095888,-13.541336302411002,-12.355518012765794,-4.367406681069318
2747,-3.5528763618225594,-12.967116153872212,-12.022423652531907,-4.0456384616394825
2748,-3.1012438115051237,-12.446333696897636,-11.68486093291361,-3.693429447267163
2749,-2.6243892659743038,-11.980949245985595,-11.350063909353834,-3.296307640903975
2750,-2.226767538364769,-11.56441341470249,-11.01320590975747,-2.844594961849105
2751,-2.139981791696997,-11.192821270028588,-10.665963660447346,-2.4404621186960846
2752,-2.491520886614424,-10.85433681226896,-10.328269534499356,-2.1786921112310034
2753,-2.769852606942088,-10.540608742154973,-10.002428723771416,-1.9496212878011665
2754,-2.4697508803880077,-10.244548429782034,-9.640470601695428,-1.6226167378402152
2755,-1.9342798323186987,-9.946871434122093,-9.189788087894831,-1.2794692334403697
2756,-1.7488391492436917,-9.596307025120286,-8.72086703692345,-1.0362688932462905
2757,-1.7793039286887176,-9.217857501653105,-8.25404933266039,-0.8612830025035563
2758,-1.8613397554860347,-8.81182406314397,-7.817460957123701,-0.6903384759182482
2759,-1.8923909865340474,-8.377435504314283,-7.414423205265394,-0.4889484897623877
2760,-1.793828544869047,-7.923352399004712,-7.029344295870905,-0.23773177687345654
2761,-1.6994123065382976,-7.475457665518356,-6.654260756530776,0.004102862931845833
2762,-1.7743944135178744,-7.063823210937139,-6.285952489220084,0.16299308392880596
2763,-1.7903366098566735,-6.718878411139262,-5.9298202691786015,0.2977439485803842
2764,-1.4866112025398222,-6.455451280576025,-5.596957614764268,0.4867668372340786
2765,-1.0919032507448432,-6.2445824511689025,-5.2978549734448945,0.6624320318304264
2766,-0.9119002883549396,-6.038790424573206,-5.0357098696105425,0.7432658989792755
2767,-0.9056831112877168,-5.809887954333598,-4.795688133191508,0.7702694028716285
2768,-0.9310114397046632,-5.538575235374166,-4.557071542330423,0.8156833007861523
2769,-0.8316722082632348,-5.20303064311125,-4.307744912817635,0.9372393706203638
2770,-0.4829400923174717,-4.797746016486958,-4.044873213751381,1.1685380068638394
2771,-0.10170600050539719,-4.343372794411732,-3.7799701529583527,1.4307394320524902
2772,0.03858008221667631,-3.875599652394654,-3.530025589480713,1.6169695917627351
2773,0.1316040407553282,-3.4439203903970395,-3.304923218863184,1.7541878864913607
2774,0.4454321185165962,-3.0903954568276117,-3.1073321189167284,1.8947316756990762
2775,0.8290493238195888,-2.812652536405153,-2.9252982560467395,1.973298228075137
2776,1.0607744203927603,-2.586655640685558,-2.7437215441985408,1.9234399870651726
2777,1.128872777641659,-2.405659713345545,-2.5694532639750483,1.7696741490929397
2778,1.0897218075520838,-2.2586898369295128,-2.4049427616185053,1.5745017507393628
2779,1.1262493872568589,-2.108026358904787,-2.255221850659154,1.4550864194509543
2780,1.4154517933050514,-1.9203743727627451,-2.103576500190929,1.5083258792782261
2781,1.7428475089104742,-1.6844798978324482,-1.918241169222383,1.6503015932301548
2782,1.830792223050402,-1.4109706110630689,-1.6968384786831054,1.746280082861307
2783,1.8616136463731154,-1.154941986036278,-1.4718717268733101,1.79128432011089
2784,2.0884414820823562,-0.9712742501531684,-1.2645307619151562,1.8192489262733502
2785,2.402031203106612,-0.8486146555414734,-1.0630538822890283,1.8342171733181274
2786,2.6221672823700652,-0.7477847833874103,-0.8451255749172093,1.8471514309509205
2787,2.658910153632145,-0.6388570108580084,-0.614866887426255,1.837530505544441
2788,2.4817750049053084,-0.5034501815701136,-0.387893573349232,1.7873565678630954
2789,2.3417560517442704,-0.358884250411475,-0.18610704446464738,1.8013655845874421
2790,2.502836753600503,-0.23926766819382644,-0.028984559324312913,1.9783781702214145
2791,2.7156521684422072,-0.16271511925381993,0.08618176067412914,2.212059461557397
2792,2.636559212084862,-0.13264287255291382,0.17604659265400618,2.3526252671539636
2793,2.3739384436639166,-0.13411589147438135,0.2635530455626963,2.39841507729439
2794,2.1447858912578517,-0.1414736871954974,0.36783721637200884,2.3915911188130083
2795,1.9965185108832566,-0.1303810558635048,0.4848027575529736,2.3436795904218846
2796,1.9350463410148646,-0.08567471295479628,0.6000219210969038,2.271093096059261
2797,1.845380010565354,-0.02132001067064588,0.7042424825983922,2.1614787425333017
2798,1.6015450521785422,0.042874125417990794,0.7942107131694538,1.9975428494435696
2799,1.4148486772352338,0.12121576597212998,0.8824972647895655,1.852222683278228
2800,1.5329122962349735,0.23404901843698822,0.9860878076961588,1.8006808479546692
2801,1.7639904089742773,0.37736667125938395,1.104155627371791,1.7708271804246851
2802,1.8401944448024716,0.5380683611538002,1.226991432635245,1.671118565720821
2803,1.8344029444477314,0.6985372132718826,1.3514286678845777,1.557742938907906
2804,1.8852259897257206,0.8439869554311197,1.4693720678342372,1.5089575810711997
2805,2.0202744373183483,0.979692285476048,1.5546065058286398,1.5110430666015349
2806,2.2304731748842523,1.1229540682017707,1.5850972640444927,1.5235098663240507
2807,2.320915539615467,1.2927938847169675,1.5625360415712128,1.4745108701081326
2808,2.111832631767664,1.5013187985544467,1.5073176712528802,1.3107644986644944
2809,1.892867513619057,1.7440096335859472,1.459992899747013,1.140082368662451
2810,2.016567178162412,1.9980761493203185,1.462481841523874,1.0963510001436214
2811,2.3290328653168095,2.2201380677032745,1.531986979513782,1.1450740016445624
2812,2.5558588234069415,2.3684779752644087,1.6629066673732227,1.197425230090524
2813,2.6720141374875315,2.424902822212664,1.8284705991750252,1.2169149395724437
2814,2.7174755782930533,2.39855040216748,1.9924577207190042,1.1817122001268228
2815,2.8004101202591034,2.3390780332120924,2.1263515172844256,1.1034204810693709
2816,-9.848535433923573,-12.395544218555147,-10.6743448710167,-6.656351021000463
2817,-9.750716611233639,-12.743060898879015,-10.961203196648775,-6.751815170797211
2818,-10.020602211774454,-13.075327629872433,-11.31824823117914,-7.015736035593453
2819,-10.421870089435473,-13.413443627386272,-11.720971723879599,-7.374639410927371
2820,-10.651402430924383,-13.771082034129824,-12.12264018879555,-7.716744158079089
2821,-10.792679840103181,-14.103070481298172,-12.487234323731359,-8.017368009505551
2822,-10.99231167253896,-14.363131347539566,-12.792508119278398,-8.275136248431055
2823,-11.310305767404895,-14.566934158071938,-13.048159189142394,-8.527574154574172
2824,-11.76655774658124,-14.748837864228125,-13.278701871709242,-8.814812951855002
2825,-12.150676049721518,-14.93163745890149,-13.499008721221692,-9.062721466035532
2826,-12.269707468053216,-15.133609219944672,-13.717295996689806,-9.198900523719397
2827,-12.380990018933153,-15.354603196321655,-13.927990400147442,-9.314187219086463
2828,-12.7647821810699,-15.584767275366003,-14.122583427432982,-9.508238153511911
2829,-13.24103421224925,-15.826408763085718,-14.314288563359684,-9.734481599675803
2830,-13.565423929447082,-16.078754554176662,-14.515687096972497,-9.9238527085215
2831,-13.737642085634059,-16.324041122713727,-14.71143399192398,-10.069455334292833
2832,-13.810355419566772,-16.540564853546094,-14.881968714811297,-10.17788314425933
2833,-13.886452130281041,-16.710715730566328,-15.025769338948669,-10.285740191700096
2834,-14.058464805479582,-16.82310605282713,-15.144328985688515,-10.42762951303228
2835,-14.139368956777737,-16.87791456098104,-15.230871840936919,-10.536821105676482
2836,-13.955453825398672,-16.88800227771061,-15.281879475019316,-10.551166347873847
2837,-13.777642518694357,-16.87513124414791,-15.304960335074904,-10.560720071135075
2838,-13.891340749828647,-16.866792493230744,-15.309790722502388,-10.659381131626718
2839,-14.159097463235888,-16.89501617942877,-15.300244457421224,-10.801677939791258
2840,-14.370230645669205,-16.980363757334953,-15.279244775727818,-10.915239605623274
2841,-14.452471990552034,-17.117673056774045,-15.25308473128521,-10.954778364005048
2842,-14.391615171575522,-17.282534925583608,-15.225121470813368,-10.899115549450158
2843,-14.386419851325433,-17.438896903837836,-15.191504996318415,-10.841105088313714
2844,-14.614683892357693,-17.551036257429406,-15.145729159237986,-10.86690997641983
2845,-14.780437845479774,-17.593703853929302,-15.08053972438422,-10.856742516393028
2846,-14.573442885017213,-17.56567952523255,-14.9914409116594,-10.682657587360191
2847,-14.217866605245273,-17.499108192841966,-14.882374119328956,-10.422177528742422
2848,-13.998729527849768,-17.437969621446126,-14.760429441445194,-10.187011997558136
2849,-13.873204638776846,-17.429497352576885,-14.629532335931012,-10.00640486556735
2850,-13.726179322479942,-17.492624921499143,-14.491045314227739,-9.876961383211478
2851,-13.410286254779438,-17.567104969084898,-14.343826671098656,-9.72151138627113
2852,-12.823040748663134,-17.575472646127825,-14.182558787517346,-9.460936676439621
2853,-12.22223935963388,-17.499694631328968,-13.99905363365532,-9.166367957585395
2854,-11.883387302734434,-17.343107208126543,-13.785731160404096,-8.928103417474587
2855,-11.60367749515254,-17.097030819457874,-13.532707112644156,-8.684761127655277
2856,-11.135720811600597,-16.771183918972277,-13.237955147017187,-8.370745889959945
2857,-10.629986755108215,-16.40256304146897,-12.927506414624022,-8.0583390612776
2858,-10.27013448392413,-16.035153658085978,-12.628136833450357,-7.824861261534434
2859,-10.043754146237792,-15.717118272142939,-12.329336332976753,-7.660839934277669
2860,-9.884413463168592,-15.474223753232454,-12.01675156867785,-7.531401699024172
2861,-9.590818214655842,-15.279867104855333,-11.707628473633864,-7.372499400801391
2862,-9.008302086049504,-15.081428450518482,-11.418424146588759,-7.13116707533616
2863,-8.428926031837735,-14.820264715362198,-11.144903005168803,-6.8766552799086424
2864,-8.159018303883537,-14.455374339621951,-10.873103058878513,-6.683481002001845
2865,-7.973061825891464,-13.998343274490495,-10.570569908775793,-6.472634211119912
2866,-7.581346516159601,-13.489007657466399,-10.21176349403233,-6.157171294839747
2867,-7.049273529858901,-12.963008000022649,-9.81789549154042,-5.7736292071839515
2868,-6.5062564840415105,-12.448090302240406,-9.420865559862987,-5.385213879334788
2869,-6.0333934977515575,-11.961038844290892,-9.025982610477731,-5.047163907065877
2870,-5.6807202451617265,-11.490210930236362,-8.62772089614445,-4.79074071937869
2871,-5.269849978067562,-10.983506216785928,-8.217698042753208,-4.53165989700213
2872,-4.623246054600519,-10.386529534710453,-7.783179513598946,-4.178296703066155
2873,-3.949616636030246,-9.667261878326121,-7.309862498703705,-3.788015114647307
2874,-3.479621603480719,-8.833658713752873,-6.79323607982094,-3.4390917964092007
2875,-3.0635688124856983,-7.966648958347178,-6.253301452427236,-3.108747515224327
2876,-2.4789895772689956,-7.189892376851713,-5.745902222383994,-2.752157520155576
2877,-1.8729965519104652,-6.564376529335912,-5.300080035581683,-2.407526277194332
2878,-1.3871115918590418,-6.115786529930886,-4.951530091457273,-2.108787412925621
2879,-1.251143583824534,-5.737044824357397,-4.692939990178096,-1.9753206777926324
2880,-1.5872015374788773,-5.29220137716136,-4.492200819361892,-2.0872387948511966
2881,-1.8958145600396659,-4.771035688704158,-4.329457588471459,-2.257281966480365
2882,-1.666312692881973,-4.2195034508352744,-4.193287019780984,-2.2788187867334293
2883,-1.2330703909491387,-3.678593908412606,-4.08076452513516,-2.2415654269015093
2884,-1.0840961003395737,-3.3054347903650965,-3.9746120490705397,-2.2233842749925787
2885,-1.0730610586708063,-2.9871340681253282,-3.8846243441604145,-2.2233613367831335
2886,-0.9448269065118348,-2.706903921933772,-3.794410999341009,-2.1505199325498148
2887,-0.6736874700791436,-2.438584297095679,-3.67985569330899,-1.9726564477220556
2888,-0.3047720724674602,-2.157749319905227,-3.5195135912555124,-1.6963634477286484
2889,-0.008889104480528149,-1.862997758352302,-3.307360830917337,-1.4425275421337727
2890,0.03882868577204896,-1.5676554646192873,-3.0512469601184082,-1.3393577652382902
2891,0.041321143963870106,-1.2860774560856367,-2.775563590343956,-1.3081800054802573
2892,0.26217931470403577,-1.0292391985781795,-2.509079836736148,-1.222458768686398
2893,0.5220995377925752,-0.8034725803728475,-2.261907565663462,-1.1247953159647859
2894,0.5684162391041907,-0.6011263697131201,-2.036480104104995,-1.088657316607507
2895,0.4862475607892115,-0.3800354675668524,-1.8456664609199953,-1.0948073846796906
2896,0.4295745503470375,-0.10107580210989389,-1.6986279064024754,-1.1057459846974824
2897,0.4580460482660249,0.22071158052796525,-1.5881047562232695,-1.0833871595362128
2898,0.5923439920278203,0.5466123132438439,-1.5026576428455893,-0.9950551416818082
2899,0.6678100154437671,0.8423168666034825,-1.4312044147450311,-0.8819219649215132
2900,0.5085898696560948,1.0787038534289874,-1.3662507951410494,-0.8065010475934541
2901,0.30993987871647544,1.2567451279599882,-1.3215167750074557,-0.7483469138771177
2902,0.3272351532050838,1.3894501340481962,-1.3098409035265,-0.6762185723806369
2903,0.4437997375469981,1.4599776996882827,-1.306327016919494,-0.6499422223283245
2904,0.4688960414324856,1.454993918558091,-1.2769520189135968,-0.7258052957162194
2905,0.4147996101686277,1.4004738053630466,-1.2153574474400048,-0.8660007013931602
2906,0.33876718062198596,1.336593384127792,-1.1270009377088193,-1.0036080498114024
2907,0.34426781242951526,1.3086839393252967,-1.010862021732849,-1.0600138321689916
2908,0.5174020272858361,1.350774798131681,-0.8770434264651682,-0.9843099333604677
2909,0.627424380648542,1.4421433199975775,-0.7620168627411822,-0.8769494100907802
2910,0.42667555207856644,1.5417921696030141,-0.7017831120385778,-0.8645860271208539
2911,0.16368206603121097,1.6485064888955132,-0.7120208077608756,-0.9015635152181055
2912,0.16820692950494845,1.7658398693154596,-0.7843673357912531,-0.9013465666919047
2913,0.3501960729282704,1.8596545711013803,-0.8706594776436418,-0.8739100249547779
2914,0.5188791954621427,1.8985779312392366,-0.9134998394900102,-0.8517429656882021
2915,0.5991209098646894,1.8857003616745749,-0.8887078309262687,-0.8807646824703517
2916,0.5613349825827009,1.8425953461630917,-0.798633172268386,-0.9974979579569467
2917,0.6067408844628236,1.807867793630624,-0.6678858343765788,-1.1133850237171914
2918,0.9445298427493115,1.8190399974539662,-0.536544691903458,-1.1243758490823175
2919,1.2888472515200877,1.8801772045924836,-0.43691843364652083,-1.0943843016533352
2920,1.2870181415460418,1.9735693173627022,-0.39032701968348943,-1.119959577305972
2921,1.1177893246728838,2.075376022544685,-0.4171201476089993,-1.1743567006936926
2922,1.0765719142626626,2.1599424167449053,-0.5162552972937762,-1.2035042127115856
2923,1.1715129167396288,2.211130991445896,-0.6392229300674774,-1.1819485714435218
2924,1.3355891891601692,2.2263602729910796,-0.7285828781636485,-1.097908842463508
2925,1.466140489867882,2.21759763513842,-0.7548020476203439,-1.0162876113916988
2926,1.4539857512121852,2.204722559297152,-0.7151340637690073,-1.0122195698823435
2927,1.4539196574479942,2.20233177845516,-0.6511440439562058,-1.0224656496511841
2928,1.6541065960501666,2.218207304111937,-0.6136964959279997,-0.9646793820148524
2929,1.8347996372477458,2.2628504553586195,-0.6056640062431489,-0.912659628916099
2930,1.7299656304433357,2.3362098038714567,-0.6093473605990128,-0.9615674080821938
2931,1.5055842316692136,2.3960436389458097,-0.6096193258655134,-1.0817046239589303
2932,1.3985033806524558,2.401386381893191,-0.5975144578748136,-1.2167639386978606
2933,1.3802952121822376,2.3809392120190194,-0.597745048587651,-1.3409248248797883
2934,1.3522104179240604,2.379047889509647,-0.6400968776474704,-1.4404053677031012
2935,1.158075658520945,2.3879172915720477,-0.7215613202529202,-1.5816185060878307
2936,0.6799154699769936,2.3884122751234007,-0.818097836499469,-1.8269237953232462
2937,0.20418535167855123,2.3785721049331743,-0.880698587656336,-2.054964524937091
2938,0.06680299630015794,2.359721337521418,-0.8654868463735423,-2.1216479388357063
2939,0.07372476098597418,2.3542697139933284,-0.7849220892546273,-2.077215683590437
2940,-0.07910014788474329,2.380351788875743,-0.678837134600725,-2.024305041441217
2941,-0.32829327692732374,2.394914657763147,-0.5829567129137867,-1.9895400098769136
2942,-0.5290639154466862,2.346040742500966,-0.5242845576896789,-1.9786869681825947
2943,-0.6053877727788984,2.2406222217753458,-0.4993916656581953,-1.9558618137141082
2944,-10.875383308959215,-13.390300325312195,-11.853253178560786,-5.95652800791096
2945,-10.734713154169663,-13.788199747451547,-12.072282005636886,-6.047906947894321
2946,-10.833330439505856,-14.103991761958898,-12.269019457174126,-6.247483846006622
2947,-11.009193491229784,-14.335312855355925,-12.465625388070512,-6.491115904498408
2948,-11.036711519248906,-14.516528105529108,-12.67677788640143,-6.689045484765258
2949,-11.045544716532008,-14.664427514710727,-12.884724666261826,-6.862985459637349
2950,-11.187788299320966,-14.789809050664962,-13.066004982479917,-7.05315283538567
2951,-11.450509065828996,-14.905694790388875,-13.222617870171549,-7.30453622421195
2952,-11.773352578301614,-15.018019428286836,-13.3651610038042,-7.643575452214253
2953,-11.954562065316331,-15.12785646307342,-13.502949084116308,-7.9786345723096055
2954,-11.840112919687154,-15.234428570152641,-13.643815151551392,-8.208456299466645
2955,-11.698996643348067,-15.33113607266484,-13.784493327276424,-8.374762332870695
2956,-11.826747874158336,-15.413230344836444,-13.91555929182238,-8.542951385743258
2957,-12.073141469851898,-15.493157587498576,-14.030539895245589,-8.679448740653555
2958,-12.219309631627713,-15.58204492105741,-14.1230745659712,-8.752654611867996
2959,-12.276542809271497,-15.663238497651559,-14.185865461870188,-8.800646861304479
2960,-12.305413683077516,-15.719585725243004,-14.215004789760158,-8.87018270586423
2961,-12.424229884797533,-15.762390918492265,-14.210352448066844,-9.007068359677485
2962,-12.727514351600146,-15.80669785380277,-14.176616100787394,-9.233996474188615
2963,-13.002865716938622,-15.853430121266069,-14.127406716396276,-9.477569360181715
2964,-13.033985415421439,-15.898140044785931,-14.0761246962032,-9.65680390963582
2965,-13.030368558326566,-15.926850279860028,-14.025687859474866,-9.804576136653697
2966,-13.228636288672854,-15.924642033084096,-13.974926611477363,-9.970418303021004
2967,-13.492314700823476,-15.900692896229334,-13.924303171332976,-10.129238787152616
2968,-13.637057351752969,-15.86586969965668,-13.876863035400339,-10.252335567769121
2969,-13.628914233164478,-15.795012486119704,-13.836372036605793,-10.329079112941665
2970,-13.48787649383459,-15.670253300279077,-13.810536867779827,-10.364762661861596
2971,-13.39841676054109,-15.530836848268109,-13.823204875109603,-10.451779532065308
2972,-13.522574390502248,-15.422187246478217,-13.887376274674898,-10.66432996881753
2973,-13.611318612443739,-15.349203244816618,-13.970113289191678,-10.885423831304662
2974,-13.403114834606555,-15.301808205589765,-14.028215458857165,-10.988375907486889
2975,-13.127517929018664,-15.268721874521614,-14.04626727118127,-11.045780463925755
2976,-13.053283048033462,-15.2323011508525,-14.020253122584572,-11.155515994436165
2977,-13.081246067551733,-15.177907985440935,-13.944842646613315,-11.302158005671338
2978,-13.049988908676841,-15.096378368672333,-13.826874403894738,-11.44562584739478
2979,-12.862217327640293,-14.977146171598104,-13.691746583731796,-11.527278118976795
2980,-12.474162520154792,-14.820391372180056,-13.564467246500632,-11.503669202976887
2981,-12.12164165645935,-14.64796734393367,-13.45556655789714,-11.467494879289118
2982,-12.031404416578326,-14.484616455291551,-13.36128598622222,-11.519294770924063
2983,-11.945705844934587,-14.348540872477509,-13.26245185882717,-11.584776759999356
2984,-11.575285386858084,-14.238748284599614,-13.13327322793171,-11.57521914962738
2985,-11.101683803523182,-14.11463636485148,-12.94916621409043,-11.547013630050438
2986,-10.762033193292256,-13.929520795124285,-12.698720088969683,-11.568127007608682
2987,-10.542546290472586,-13.660739862400753,-12.398805593407939,-11.641904500325406
2988,-10.369659343214078,-13.311994348672151,-12.076445937552883,-11.744729371234753
2989,-10.088761602200528,-12.928912695116358,-11.751347011393515,-11.775627973047161
2990,-9.57725785316475,-12.564655666171207,-11.434935327725436,-11.651466840142932
2991,-9.078403490359237,-12.234888724384835,-11.11941505774611,-11.479542844611121
2992,-8.848095061897821,-11.932806929547535,-10.793102741075401,-11.385759833834507
2993,-8.660883171710122,-11.640589984355946,-10.46386310134908,-11.312926211316254
2994,-8.253139997712902,-11.330608945803048,-10.139988565443883,-11.174778191364295
2995,-7.774926830342722,-10.980036093410169,-9.819358075086368,-10.981870240701916
2996,-7.411774208551512,-10.573021109848737,-9.49208031981004,-10.755941529964538
2997,-7.136992792294179,-10.097212819404662,-9.123228961466351,-10.510340202226208
2998,-6.871564880662598,-9.554510740402456,-8.686995330632637,-10.255751213235921
2999,-6.422467056034468,-8.96472524263897,-8.216586124921568,-9.935076131931197
3000,-5.651358407268762,-8.359299119836502,-7.755431255202137,-9.504322344014938
3001,-4.86129166264592,-7.78345429588841,-7.306070945136212,-9.059215765350508
3002,-4.373659441477018,-7.269527784272736,-6.8569703583057,-8.703639194771812
3003,-3.9952632576692837,-6.807311566094152,-6.400773639515442,-8.413154319789996
3004,-3.4240889529931207,-6.399133890731119,-5.960105311590433,-8.124268938360018
3005,-2.8886689821845852,-6.080767305583133,-5.5492687705849475,-7.845082422143844
3006,-2.5882072698309067,-5.849794776291288,-5.204070493103591,-7.572200001252174
3007,-2.6231974162524097,-5.70223082854053,-4.9109719687136515,-7.315512278756355
3008,-2.9686438910744286,-5.604630675214129,-4.637320342155775,-7.0783859555007185
3009,-3.160301912121385,-5.518861605356659,-4.390703019748746,-6.767566029191975
3010,-2.7710914882456583,-5.414853054150641,-4.182849420622786,-6.313504565477545
3011,-2.1423411940471446,-5.268061041743377,-3.996319994064856,-5.863938656225973
3012,-1.758624676676593,-4.962553155257569,-3.790086249542057,-5.58167220227397
3013,-1.514769623731998,-4.622293887947851,-3.579683334547283,-5.416826627808427
3014,-1.1836722536869468,-4.273160234067906,-3.3593889615177335,-5.25349731619268
3015,-0.7852584097924025,-3.934955307853394,-3.13257485481445,-5.042972676620315
3016,-0.3929991387527425,-3.6273399317594945,-2.9076229300750756,-4.768432196973005
3017,-0.11289444507186587,-3.3719232924455484,-2.6983703028863304,-4.503448404848714
3018,-0.03578129752079835,-3.179126559370035,-2.5183016124891813,-4.334196385712032
3019,0.04314484063545419,-3.0471329230114126,-2.3654397772171483,-4.173739088744281
3020,0.3641349069154404,-2.9587064652448407,-2.233957464864029,-3.9054153132250233
3021,0.7491361143821482,-2.8628724589737695,-2.134030142261194,-3.5828631803309707
3022,0.9460036572254767,-2.713059111724376,-2.0740595877573886,-3.2967177549524407
3023,1.0547564322346523,-2.5194834672661446,-2.044545509976819,-3.0526214128299825
3024,1.2342669392295973,-2.318107703386234,-2.029503309310317,-2.836559516249645
3025,1.4798671214488002,-2.1392815407708214,-2.0030052074170825,-2.617051724853612
3026,1.742579319039855,-2.008155493191459,-1.9470555353202172,-2.3597781865688203
3027,1.8418051669802586,-1.9261951736047709,-1.8934940458550598,-2.1302271008106084
3028,1.627673099850147,-1.8809098804167241,-1.882433406989801,-2.001378362450955
3029,1.4037926494849104,-1.873070083032397,-1.9012702655606695,-1.875699966098627
3030,1.5296151178402355,-1.901067824567288,-1.9231373284687618,-1.6395178912067072
3031,1.8296282009611842,-1.944201495118202,-1.9463192945945207,-1.3755442069575705
3032,2.0048558408820205,-1.9773163805092469,-1.9757236918928154,-1.1990891118521496
3033,2.064823606878022,-1.9783846155371427,-2.0165404909721265,-1.0889661338255274
3034,2.0920306676676965,-1.932448807658959,-2.0750975484607235,-0.9888682427220142
3035,2.168177092652962,-1.844093219622546,-2.1504445743849936,-0.8506961389405248
3036,2.3673363985519904,-1.7271770975046858,-2.232139058543794,-0.6374625402238129
3037,2.501396476287219,-1.5901375746540378,-2.3005934053655115,-0.4263398677539682
3038,2.360051561679498,-1.4410600655180579,-2.3349735819401523,-0.30909710703776344
3039,2.168945894006832,-1.2849554222396087,-2.318422143821806,-0.19611662363268423
3040,2.2164959327175966,-1.129519890481535,-2.247291172395266,0.025863287816146906
3041,2.3734595130078877,-1.0043336132037897,-2.148293472993615,0.2870760059875874
3042,2.425140296888842,-0.9378683829661025,-2.0567068054389175,0.4826986307382527
3043,2.35422902945354,-0.9235056327028159,-1.984655800148501,0.6029972208270807
3044,2.201061164818929,-0.9380707438604559,-1.9317496255837312,0.6704278366867135
3045,2.116642439660139,-0.9702372694597811,-1.8985845662258845,0.7506549368729006
3046,2.2476879853170995,-1.00491497589553,-1.8774756502339187,0.9106281184465056
3047,2.3698676696811387,-0.9988275802398697,-1.8470592836207924,1.084757915340611
3048,2.216182167826521,-0.9189958726117303,-1.787127136341282,1.1824458174235308
3049,1.9970239906722707,-0.7888763571432239,-1.690185704880936,1.2564226368324025
3050,2.001414339831852,-0.6525422333293627,-1.5610391170620894,1.3832241647908186
3051,2.1630926960604846,-0.535640865678651,-1.419963695960378,1.5432450720496669
3052,2.3219771863335827,-0.4505749200139645,-1.2917908348317548,1.6939965430959598
3053,2.3435479264730787,-0.39835279127955614,-1.1897687073361165,1.786368510645812
3054,2.1367917417236075,-0.36048117075992137,-1.1159081385702794,1.7857834825741112
3055,1.922491791147072,-0.29417232034355917,-1.0627329458881558,1.7823848736102779
3056,1.976207238776001,-0.16526148490859605,-1.015174934819412,1.8810153282524957
3057,2.129371645915567,0.03429877413570254,-0.9527643750056146,2.0106593032646267
3058,2.1365230820733827,0.28444359512089645,-0.8596054043439239,2.0682257648766904
3059,2.1709518880898617,0.4845045538722489,-0.7412623828364041,2.0902845363971068
3060,2.4480058578467148,0.5755715541436974,-0.6121187704566643,2.140369351631026
3061,2.8805756959618054,0.5894206038852392,-0.47123027226559666,2.2406701266625713
3062,3.2989512040058835,0.6641261756825783,-0.31849378821150054,2.3909689130459952
3063,3.4943490611340193,0.8667237801777442,-0.17750592565875756,2.490197590753599
3064,3.3129720905856797,1.13793516633074,-0.07047755521229195,2.4364720935898645
3065,3.007583752222519,1.395781114099437,0.005763374977407351,2.3329430359549628
3066,2.9106783783967467,1.6004580129356343,0.06559946720130563,2.320633857324124
3067,2.886280839295017,1.7388518060958478,0.1307819940008841,2.3480857039751215
3068,2.7034636874008715,1.8364244824405278,0.218764436617479,2.325974136387123
3069,2.4777798175058483,1.904748684492463,0.31455749175597997,2.27059150070899
3070,2.370532598813301,1.9513702433378481,0.3941309260191955,2.221676835965138
3071,2.3909316067932442,1.9878723449324698,0.4570097460711993,2.231136737673405
3072,-10.89853491812138,-12.976401473325174,-11.843053408921927,-6.586731370077237
3073,-11.049371952238143,-13.30718075186668,-12.219240730002074,-6.7121422131522195
3074,-11.50142095047544,-13.646210548235702,-12.568781547381887,-6.8972102554169235
3075,-11.986902042312176,-13.990862703971821,-12.892051728618982,-7.045962328472175
3076,-12.204923659491055,-14.328590819535137,-13.20149371245403,-7.074943624713626
3077,-12.303911082718335,-14.631688319488111,-13.507430574846857,-7.043489913225533
3078,-12.491226502943546,-14.885362713348291,-13.818593904629706,-7.0439019509379115
3079,-12.774192839979685,-15.139538558270093,-14.134821484225325,-7.138040733058542
3080,-13.104467900502499,-15.445678453651425,-14.45013971796742,-7.3559786317542954
3081,-13.2964660493945,-15.78677161704021,-14.761678542283716,-7.62777802939211
3082,-13.199347359414414,-16.1228336837228,-15.064530091620254,-7.867494182580382
3083,-13.082049321432377,-16.421220180749323,-15.347600630069739,-8.106431391123843
3084,-13.233684476135902,-16.655195955307804,-15.600918234259694,-8.391860496942803
3085,-13.462274102163104,-16.82676795873696,-15.819139581986661,-8.681600686276878
3086,-13.518431085527453,-16.9515856151599,-16.003973337620554,-8.9253695391973
3087,-13.466492772845193,-17.029310252103315,-16.166929393956753,-9.119324903312652
3088,-13.422084679026364,-17.061638243192164,-16.32200459368066,-9.266645289575964
3089,-13.466162941253787,-17.068659135679056,-16.482174042628397,-9.374871559216494
3090,-13.643078016521487,-17.07105600676035,-16.648738231649297,-9.45620355362104
3091,-13.745444993442955,-17.078846282066056,-16.798638367829845,-9.483429591387804
3092,-13.5774961412858,-17.09580460615028,-16.902563535702626,-9.439477009833654
3093,-13.373209778604537,-17.117257330224117,-16.939786540678366,-9.413619040861247
3094,-13.399282374427353,-17.1319565893774,-16.907335811051883,-9.484139677555788
3095,-13.522187859167257,-17.13423100604633,-16.82754761463249,-9.569632627114245
3096,-13.5550941705045,-17.11361194622722,-16.732803863605593,-9.575422261897064
3097,-13.512003627030406,-17.04089932575227,-16.67012388589467,-9.530648125386161
3098,-13.443272005305436,-16.896680702014688,-16.64689514228794,-9.488295106896068
3099,-13.452685333928597,-16.685865812549654,-16.631795030549842,-9.487428875162978
3100,-13.619123312345002,-16.43961466324449,-16.549597631391254,-9.544356367046479
3101,-13.723023811439084,-16.238717111862364,-16.384858731940614,-9.558880658038046
3102,-13.557494033574608,-16.152439755885844,-16.208709176360653,-9.439570730143432
3103,-13.36394154154163,-16.166272457970845,-16.089144472491906,-9.281489009408318
3104,-13.413689284545713,-16.22959491488157,-16.02784570110713,-9.207433428587981
3105,-13.59518860323919,-16.2941097654692,-16.02236018564413,-9.220537325829742
3106,-13.725163777814899,-16.32123600322277,-16.044234430418882,-9.28773225218074
3107,-13.720810333869103,-16.308095310092106,-16.073815485345754,-9.354770444757783
3108,-13.545571388982758,-16.27309667821989,-16.09915812768785,-9.36558607393273
3109,-13.366141521360642,-16.23872673570857,-16.112526019839553,-9.374321926098505
3110,-13.34552338943899,-16.215942270588755,-16.10983810970773,-9.43254797431083
3111,-13.254245673460906,-16.178555370414877,-16.083833913393807,-9.405884827256878
3112,-12.85246875465546,-16.09137287510166,-16.02636931328774,-9.169805066167703
3113,-12.339167647475852,-15.935100285713629,-15.932347714272126,-8.822760241319212
3114,-11.958676707486427,-15.709528630931562,-15.797586666100255,-8.499061963358804
3115,-11.682466483515467,-15.455644465299365,-15.61908196531331,-8.225680275811202
3116,-11.421861100831695,-15.215548131919636,-15.396327644460058,-7.9973407872288895
3117,-11.049920085732257,-14.978578586800737,-15.126616380832973,-7.756790146395368
3118,-10.47661443002798,-14.715964132097392,-14.810761702102672,-7.452001831994991
3119,-9.94896985049796,-14.411435270372184,-14.467053471412191,-7.193016664389288
3120,-9.70369214092395,-14.053143963958233,-14.108348571235858,-7.087957354933715
3121,-9.473600489424866,-13.639453505143555,-13.715940264012037,-7.027747738136885
3122,-8.948500854096492,-13.178344682658707,-13.265403892046725,-6.877180130106288
3123,-8.235265153858599,-12.676919733346255,-12.746167440901328,-6.656044447101912
3124,-7.521262972226133,-12.140947240921243,-12.160414719001182,-6.412743707107334
3125,-6.8753479049345225,-11.580612709222832,-11.534300842122095,-6.154470438606347
3126,-6.338492722240777,-10.999877012839605,-10.900042347601307,-5.888339082398632
3127,-5.801466202400901,-10.380414556661298,-10.267197758931163,-5.5843182209753826
3128,-5.155101599755531,-9.7117674205754,-9.63758868010991,-5.218489482006995
3129,-4.637816096288265,-9.01494810336923,-9.021394588981089,-4.88312777647778
3130,-4.464448663523041,-8.326375965678343,-8.421893076543638,-4.659557564556145
3131,-4.357297831584649,-7.700918374059374,-7.82724870417173,-4.46056848515829
3132,-3.9677252097415243,-7.191964676135736,-7.246214591240439,-4.1634025452952494
3133,-3.4724675440757347,-6.797528820329661,-6.694648682420195,-3.8219384875231115
3134,-3.077872754454854,-6.497161190459245,-6.199038385116807,-3.4971183089111886
3135,-2.852058337418858,-6.245956334562614,-5.709872460332691,-3.2106130443760486
3136,-2.7786828193450894,-6.000438692642315,-5.19676764380131,-2.9691744915634337
3137,-2.5777349336980606,-5.788239407864404,-4.712859950297913,-2.7269041817676274
3138,-1.9968589721257024,-5.618393580098163,-4.349709290819532,-2.4395467674715046
3139,-1.3431211588746415,-5.501916283907101,-4.146940002474149,-2.1940761628527037
3140,-1.0837172310711898,-5.319502228022779,-3.7873234862204406,-2.162400283055964
3141,-0.9813998283355729,-5.110041277487836,-3.4954346775576073,-2.1887449256450346
3142,-0.7611380242519805,-4.864629536978184,-3.2491677321102035,-2.1634409798216696
3143,-0.4506272275561986,-4.596696171822647,-3.029917083988805,-2.0955958688000553
3144,-0.14983972021873881,-4.330596947507079,-2.821889450234864,-2.0274484112052904
3145,0.05623849315846933,-4.098458663501225,-2.596929501048798,-1.9915663721516563
3146,0.10053222747516063,-3.9227169052545094,-2.334808080184706,-2.014353100032227
3147,0.18097197767569223,-3.790892885430065,-2.0532632761350245,-2.0425753527673103
3148,0.5146366053087164,-3.6733473183951886,-1.7804758632822855,-2.0091991231075546
3149,0.8620238989407591,-3.5388559722741473,-1.519655784272806,-1.9691050830515515
3150,0.9197031536763424,-3.3637051379624423,-1.267182751540384,-1.9934852766816136
3151,0.8295106855345866,-3.160050238954775,-1.0296533850315959,-2.0292754894192413
3152,0.8270301860379634,-2.948537196660166,-0.8105102091866586,-2.003813385190592
3153,0.9434831291625934,-2.7155762412449795,-0.606341468435431,-1.9189568119260152
3154,1.142524850817004,-2.4413885460808693,-0.409204920066322,-1.7991511860869627
3155,1.2549027296713529,-2.119410967239602,-0.19797689950036354,-1.6942577103648786
3156,1.1081132006690968,-1.7584753307463348,0.04709084669682515,-1.6492315870948828
3157,0.9095333469537474,-1.4092264517090662,0.3199437535400154,-1.593176213708391
3158,0.9270313698175331,-1.1297504872809356,0.6062876945002824,-1.442262210268854
3159,0.9832327519343752,-0.9268631129656077,0.9038089130491758,-1.2720048957731829
3160,0.8335055415047105,-0.7847070981360084,1.2116979606589566,-1.1835202480220803
3161,0.582161674976016,-0.7042838828414472,1.5308686794810085,-1.14705145792901
3162,0.4054194306727511,-0.6748135096811332,1.8590681218436187,-1.1033796314992441
3163,0.3962464671357521,-0.6548483487043,2.1659529179980854,-1.0281177724680433
3164,0.5898863164334258,-0.6001692302835497,2.4206699400789735,-0.9133151855060714
3165,0.7636235657013193,-0.464664775667215,2.6410725374931023,-0.833117417931315
3166,0.6672088133287121,-0.22893520660932354,2.846853882562865,-0.8685636857226835
3167,0.4774262143561395,0.03717291594727613,3.0466822588054256,-0.9334402055920822
3168,0.4581129808099927,0.26744656309714976,3.22143563238819,-0.919717064031895
3169,0.508531206947127,0.39940653386751296,3.3637185472722644,-0.91733076101053
3170,0.463256952852271,0.47735632535667194,3.5013995541757095,-1.0413229796256949
3171,0.34540505908751135,0.5410385574072001,3.6285504989646147,-1.2396487566409382
3172,0.21996652227198937,0.6300839029491613,3.736405479224522,-1.4207999931609512
3173,0.21297538564562488,0.7006688245142805,3.806438786011806,-1.5392128839948354
3174,0.4291065518554479,0.6892842821935463,3.8245198420017,-1.571975693046943
3175,0.6597074227158805,0.6019147801079748,3.8159855269930363,-1.5773105561934082
3176,0.6524183680257368,0.48075043864250033,3.818480713143851,-1.6294352405495325
3177,0.5528972979412916,0.392563035670515,3.846068140357023,-1.6781002954833761
3178,0.5809655264019402,0.4016012997926094,3.8997295702662536,-1.6466235992496678
3179,0.6519753222083456,0.5057012997210036,3.9746766193790317,-1.5565940467830206
3180,0.6337787387169634,0.6646459723278478,4.057928550438892,-1.447545386647815
3181,0.501741598949285,0.8432314155409203,4.126372805744996,-1.3330208515400106
3182,0.2790551542823875,1.006166534706284,4.163342206276438,-1.2167321131854638
3183,0.20291902332165068,1.1241743835033358,4.185250751719271,-1.0235537292505357
3184,0.4911033019555234,1.1873161308195765,4.203126982020704,-0.6945390395877499
3185,0.8510165464356387,1.2051720310576006,4.241343111618322,-0.3736469270819637
3186,0.9062165314816046,1.2002390971751575,4.284745953028648,-0.23400945987397648
3187,0.7869068935756078,1.208919031705928,4.282462303090409,-0.2577000059593088
3188,0.7422781750366403,1.2587601422176304,4.229344362128018,-0.35726425835261966
3189,0.7774596199271328,1.3348349804725577,4.1496960966458,-0.4690555558161269
3190,0.8443072671956294,1.4070840452422493,4.085015292548279,-0.5362549879559589
3191,0.834464448213083,1.4612440104838231,4.0495966780485055,-0.5742249789204242
3192,0.6452964518788318,1.4944539108739725,4.0395927255389115,-0.6311420401574945
3193,0.5101407007431443,1.523443938371971,4.03446793496571,-0.667971904121253
3194,0.6917685372801756,1.5689362646754486,4.009322807528755,-0.6448480922733069
3195,0.9540919853807577,1.6317686292906595,3.962287128841492,-0.6550190764197219
3196,0.9811895988287151,1.7018538230526232,3.9044924908297842,-0.7945608590537349
3197,0.8918718073767892,1.7506669048867332,3.8468341449021737,-1.0199210634811395
3198,0.8922529438726555,1.7588405397994835,3.8003391762644263,-1.2427200616833034
3199,1.006978055455637,1.7743956800414256,3.7680992797366333,-1.3918995012210398
3200,-12.063857460414548,-12.456696710707918,-13.187022260946751,-9.628775960148502
3201,-12.181183474465932,-12.702092657843824,-13.426084240985581,-9.74516816351259
3202,-12.540342494515022,-12.952746751755814,-13.644451839007536,-9.973013230172395
3203,-12.960279228923241,-13.227769676220971,-13.870621558785544,-10.239787141750849
3204,-13.22031917421334,-13.539249535605995,-14.129200054246144,-10.45087454405805
3205,-13.476581541545222,-13.85994698034694,-14.41760618623107,-10.651794685098855
3206,-13.899105558962859,-14.158676998892227,-14.721303075731207,-10.902079316987088
3207,-14.375112066314415,-14.434978532864914,-15.020670905331134,-11.179666998633467
3208,-14.75088365834917,-14.698946969033758,-15.300493301483526,-11.454837155461234
3209,-14.903164493076202,-14.957548451248645,-15.567690279211824,-11.699856638367601
3210,-14.780272724111633,-15.218532318222207,-15.838020443972692,-11.89864846079716
3211,-14.645671594391835,-15.487262611498414,-16.120971263558136,-12.130738074816078
3212,-14.761505470376179,-15.760212968036667,-16.41886576507841,-12.457665163317989
3213,-14.93177130702654,-16.022581343808238,-16.722931367056226,-12.75952654187503
3214,-14.898323924740822,-16.255052961465406,-17.01469568388448,-12.901091723184035
3215,-14.741745418950213,-16.438360783275463,-17.27027155102406,-12.894057971317785
3216,-14.592598817287614,-16.560502383910627,-17.46912920970013,-12.792718083465447
3217,-14.474137570830656,-16.626739193904125,-17.601995828416648,-12.652999304069962
3218,-14.390038819501042,-16.64928790746655,-17.671718226597573,-12.523594808822962
3219,-14.210190502027778,-16.639079880682427,-17.696509010983366,-12.341577940970673
3220,-13.836092221349864,-16.604874632664103,-17.699225868427526,-12.046403345015047
3221,-13.54849783835697,-16.543740851593057,-17.689176677942275,-11.76813305924682
3222,-13.618806804044928,-16.4690063452581,-17.6714013631663,-11.637364995704573
3223,-13.835023996950921,-16.36723298071019,-17.66327693172133,-11.577255059087163
3224,-13.916997695181955,-16.265492262587134,-17.673884232692664,-11.477725655759427
3225,-13.877881161499639,-16.23447574405069,-17.680823553852402,-11.332548958871707
3226,-13.79214722900978,-16.278477820470506,-17.658640239223736,-11.161329733797627
3227,-13.744329773886944,-16.3234456884707,-17.604037723692695,-10.998880770885249
3228,-13.7961593562053,-16.31579630589372,-17.52191152608662,-10.881378417677567
3229,-13.734153147129776,-16.24240711016265,-17.422575390749504,-10.773868976824813
3230,-13.362927341716302,-16.11629799554116,-17.31394359380229,-10.628613917802372
3231,-12.944057433400845,-15.937452414011938,-17.18047292882527,-10.46922751416074
3232,-12.774345432463516,-15.716642828491809,-17.004250075369843,-10.325957975707443
3233,-12.755496112522403,-15.495866001193471,-16.79092643049485,-10.173620743807627
3234,-12.71920220965032,-15.309443959446817,-16.552348733323164,-9.987618714464679
3235,-12.617083979326448,-15.151447867472802,-16.293686668217422,-9.778410154434079
3236,-12.438969624304352,-14.998305688817013,-16.018322561867652,-9.561597682056421
3237,-12.353832523482511,-14.823839383576267,-15.72692706867576,-9.367469482754288
3238,-12.502580531324126,-14.607030793292868,-15.418270626556598,-9.212177255950857
3239,-12.59225172259092,-14.346295812118193,-15.09105617322916,-9.020662545191474
3240,-12.319889632811414,-14.055933623410157,-14.74950971267989,-8.72912682931569
3241,-11.880846699818461,-13.763578367436837,-14.408892226354377,-8.414687000257759
3242,-11.542250897290009,-13.492825940578266,-14.086487461694526,-8.172546875241967
3243,-11.273144806295743,-13.240337908365094,-13.795925209181766,-8.011948475601168
3244,-10.996212946608829,-12.990165641996652,-13.539690700003137,-7.905655629018936
3245,-10.665836311248045,-12.727373964475191,-13.297484240888613,-7.781025997044504
3246,-10.250957325153907,-12.439513352731538,-13.041273876141348,-7.56617306007681
3247,-9.935576869846248,-12.130038294253747,-12.755045255437194,-7.306401896043739
3248,-9.871251132261357,-11.81028289670809,-12.432496120012999,-7.064111577497355
3249,-9.759682009835894,-11.474410988403076,-12.06900244582109,-6.768557193285928
3250,-9.29093630620147,-11.134511248150716,-11.675889637306808,-6.359721614091703
3251,-8.635943737934474,-10.804928569939632,-11.294359391209161,-5.940124969322924
3252,-8.037473652171123,-10.524771218613008,-10.959666750664526,-5.6204452129907425
3253,-7.496177520885326,-10.307142951263351,-10.680318983733482,-5.400352908554705
3254,-6.957269617916866,-10.105028885269999,-10.433425788532281,-5.235531217362767
3255,-6.282431408368524,-9.86436925441064,-10.135515464845527,-5.035926988962466
3256,-5.364569338665788,-9.538050317768473,-9.712503196049427,-4.713688965706779
3257,-4.470434864319861,-9.145309808232197,-9.183622540201418,-4.309290405733309
3258,-3.8627066992520698,-8.727292897381108,-8.605809527566711,-3.873982497716566
3259,-3.2898009686083003,-8.29677157139346,-8.031558345743846,-3.311251963115081
3260,-2.411099221186578,-7.8798498185123185,-7.528808450701879,-2.5161900236699712
3261,-1.441528181415163,-7.518217870967326,-7.143243725295246,-1.5377516836200729
3262,-0.5938328297765638,-7.198428956588902,-6.862928233696882,-0.45195892215315625
3263,0.18010978123487864,-6.853093526307157,-6.684218779559551,0.6546682492100262
3264,0.9923022493885396,-6.457352538721724,-6.576213917420871,1.7151382575978311
3265,1.9946323751300654,-6.046960663646337,-6.489430816326037,2.8013863549618416
3266,3.283999489457235,-5.682895057664275,-6.410254210709041,3.9823414032627036
3267,4.583684523688688,-5.364350799867457,-6.293280063806031,5.126767810850578
3268,4.196688478954811,-4.82375393978397,-5.734589332859662,4.7475120506634925
3269,3.848942692249099,-4.327830228583745,-5.167437600930924,4.363788992268528
3270,3.8345212842559766,-3.867293083724385,-4.5671451721657315,4.060037219083235
3271,3.991989554852237,-3.422562604263062,-3.9377984143990443,3.8132380288639904
3272,4.050287718488573,-2.9776721281928493,-3.300727800420519,3.568222523914785
3273,3.88113951885156,-2.5229291297588006,-2.684486078076176,3.2861007541089906
3274,3.4446895614716393,-2.061294283236518,-2.113611202674929,2.9451550953272423
3275,3.0019939204736388,-1.6308692804604377,-1.5893928997595936,2.617795199524382
3276,2.8472394425160963,-1.2691497276270183,-1.1004705337772391,2.3832305101542968
3277,2.740498396531856,-0.960926264015903,-0.63027940793819,2.1582684020218936
3278,2.34423624114858,-0.6729371283287736,-0.16898561892388364,1.8332097961219167
3279,1.8239812639887014,-0.38842759090437856,0.2574055442969674,1.445070859028975
3280,1.4392802313092983,-0.10037861245761562,0.6179883826983329,1.0670214528107214
3281,1.1709548495355953,0.17512585413783935,0.918052265563841,0.7244879140108424
3282,0.9305725572439422,0.4138740042034294,1.1794804266860934,0.4267804663458922
3283,0.5806194832453184,0.6236261473923277,1.4313444001389524,0.11960135359513668
3284,-0.006107788225751198,0.8192370404454625,1.6981409124056945,-0.2612100558265982
3285,-0.6376340008745094,0.9841514845203898,1.9661769313543156,-0.6361898680189755
3286,-1.0754437859151684,1.1120822855970225,2.206668412014016,-0.9170556348484091
3287,-1.5134690209824617,1.1945390616911316,2.4168791942472216,-1.2199303678169144
3288,-2.206505854940046,1.2643317343669775,2.6012150045016664,-1.6829903389838579
3289,-3.0195174853822433,1.3462443323138156,2.7440326746205725,-2.2638489572109104
3290,-3.740210398655092,1.4562273571949085,2.8399356700512706,-2.8647661425409314
3291,-4.313077694092118,1.5560097764592709,2.9261479174893283,-3.403297644153869
3292,-4.7440503533829075,1.6010807139780616,3.048702508850247,-3.8201362033663866
3293,-5.208392948726583,1.6042932204792966,3.231155700533825,-4.19199788416354
3294,-5.888511904555096,1.6067964077474675,3.4783461846230823,-4.625843938630264
3295,-6.575102154674608,1.660735479247334,3.768702719652892,-5.063476565831743
3296,-6.992116479628548,1.8080445490315973,4.066395425979279,-5.410767337869614
3297,-7.280358196277627,2.0366204215134776,4.350771877897875,-5.692644466154575
3298,-7.653586554025985,2.299494281759268,4.610767515866176,-5.957017627100668
3299,-8.045643941860616,2.5435502527843195,4.826298460409652,-6.210401374035529
3300,-8.337904856554164,2.723498026894653,4.99089166067807,-6.4542345513357
3301,-8.445313507583869,2.816105276563967,5.145164837821366,-6.660509557389934
3302,-8.32824533200522,2.8311572167999706,5.334403877372478,-6.80260393206318
3303,-8.234348821066865,2.838131373354608,5.5552879973536875,-6.952415141255334
3304,-8.433017759293083,2.90145502051931,5.785340341512793,-7.190066414953762
3305,-8.731891074423448,3.0389411143628986,6.010383244067125,-7.459827963268346
3306,-8.847951653165339,3.21428219952157,6.216220979434507,-7.680785482374584
3307,-8.875994390192737,3.4025780828976333,6.399024160431725,-7.880327608081025
3308,-8.989636442383604,3.6131300157213766,6.560477107871169,-8.104700954855755
3309,-9.213472408541609,3.833451740266321,6.683053148915772,-8.348522035268658
3310,-9.529200958855737,4.014079519258165,6.753898698589813,-8.592414899771057
3311,-9.789171183045818,4.13477651439581,6.798291426658276,-8.791344332445298
3312,-9.839282408798521,4.228492398998387,6.850898257042049,-8.902858237043365
3313,-9.866960574647992,4.339737547227798,6.927298811921998,-8.972845344443915
3314,-10.104456152491977,4.468488589709401,7.030149001626033,-9.065422087725937
3315,-10.363565899343307,4.589357641749551,7.147143702794211,-9.14973635673728
3316,-10.396366864853736,4.6611093596554625,7.256140246842549,-9.183854915726842
3317,-10.296640034872002,4.6836092332185455,7.338666350543639,-9.204642825007864
3318,-10.235775435949034,4.6747207281892225,7.381825773944263,-9.261773988713525
3319,-10.306306615589223,4.64380738753189,7.3832643788969845,-9.390677982089723
3320,-10.547861278298571,4.601893662165407,7.348233621817683,-9.602196872757078
3321,-10.762937352860003,4.5553057036940405,7.275330527117914,-9.799682068942957
3322,-10.71872004622507,4.507901706962717,7.168030820008449,-9.87656257906369
3323,-10.56799473751093,4.482582524803773,7.054572394190756,-9.891132469608436
3324,-10.535658204842417,4.498291559088539,6.963935358930739,-9.937073080252638
3325,-10.475816982068455,4.533937686307114,6.900239144195477,-9.972123933994697
3326,-10.201207715337958,4.559945440836564,6.854764810705901,-9.931166275169112
3327,-9.800946917094008,4.574855337212843,6.811261725930251,-9.826942024582564
3328,-19.822853787037005,-11.731276771586087,-10.86478370001654,-17.678727316336495
3329,-19.060665974623987,-12.236138384900945,-11.394483190720797,-16.986976918219376
3330,-18.501680746809765,-12.741645056872887,-11.95161926983991,-16.312358822123436
3331,-17.872750065768304,-13.265569715965965,-12.514308620761117,-15.51937269964928
3332,-16.899750220246226,-13.829465440704602,-13.052659167275404,-14.486121484843743
3333,-15.777453287489736,-14.449405702767052,-13.55274294845026,-13.304486479871455
3334,-14.769052143388025,-15.129123168653518,-14.014427250448131,-12.111870210274564
3335,-13.851082543723193,-15.860912400168832,-14.451487762394674,-10.95559468323454
3336,-12.943983005547537,-16.617350388279796,-14.883763333605167,-9.855198387189205
3337,-11.978611161687692,-17.34584367339791,-15.325339362666346,-8.786263566099555
3338,-10.898652152332717,-17.995204348025812,-15.780934929236585,-7.708671668854624
3339,-9.869007192645801,-18.526331838436683,-16.239116904104225,-6.68496855248147
3340,-9.039303585789082,-18.93752042941454,-16.681947946943833,-5.762815342958964
3341,-8.149284411744981,-19.306548173516106,-17.101039333806785,-4.80045868312019
3342,-6.93451192698986,-19.721251080543308,-17.48900966687289,-3.65904820051697
3343,-5.5819060777288385,-20.205658179139792,-17.831108052140074,-2.4008871373555065
3344,-4.337502379941713,-20.74400559191121,-18.116408044569717,-1.1322000367563287
3345,-3.1989886942057293,-21.290063260673964,-18.342689372929684,0.1090276965324683
3346,-2.108696728714545,-21.785968522937036,-18.516665742858475,1.3063491135668872
3347,-0.9413514417588765,-22.201193265855874,-18.659656862583034,2.4983323680918916
3348,0.399239974081958,-22.527203459983816,-18.79384452113539,3.7317581560939455
3349,1.6395112684223894,-22.772213459409734,-18.928556806225828,4.940507105086638
3350,2.5312512359052137,-22.95822098051206,-19.065894330452288,6.05748763936216
3351,3.4039898432915,-23.096910119179434,-19.19692792545356,7.162045686889992
3352,4.625334143923159,-23.202614843552237,-19.316431559382547,8.339085401369235
3353,6.077750525278657,-23.326621894628207,-19.450412435422162,9.546470410072814
3354,7.534159856848681,-23.503972406975354,-19.624679603219505,10.720988447527207
3355,8.84875913631859,-23.689281968555676,-19.828965268624653,11.837434776332938
3356,9.933186325657118,-23.823233575387942,-20.041426374094986,12.886594234655647
3357,10.989074628231343,-23.89769488198884,-20.246109463837374,13.925469884386608
3358,12.238537078857517,-23.922848393575602,-20.42681232402701,15.006246792676276
3359,13.46085712836951,-23.908384083442176,-20.57709993352989,16.0384042435412
3360,14.404528996008828,-23.872193692942172,-20.692845740632755,16.93072477740096
3361,15.24931106060279,-23.83186136826112,-20.749645171693118,17.75972788651585
3362,16.210738337003605,-23.797034984831036,-20.732547906766385,18.61946445720427
3363,17.236248018601817,-23.772384210810703,-20.668940177108524,19.502746928838288
3364,18.222668523283325,-23.752420726985626,-20.596677660317205,20.374000902532934
3365,19.05047515104667,-23.708097144110777,-20.538469085959015,21.16549076325713
3366,19.64469704189082,-23.611495339986785,-20.502859287518127,21.82798058176188
3367,20.23472832092385,-23.472194089313355,-20.47787572392407,22.46369013505338
3368,21.057674849843565,-23.304373602714968,-20.438033105499567,23.186413975164896
3369,21.930255202030484,-23.087342545345244,-20.35380137978633,23.93581358101439
3370,22.627486250356615,-22.80247095168698,-20.205850034993983,24.630508136163996
3371,23.26474467698971,-22.46326130552261,-20.002248818940632,25.308310281493377
3372,23.991425260007105,-22.09229559568056,-19.764724301514367,26.018367416941366
3373,24.82126450911439,-21.712354824356186,-19.514552486236624,26.774921957607233
3374,25.720858071489047,-21.339208764750033,-19.26791535249764,27.570109796543772
3375,26.47375037061074,-20.963078511591565,-19.02604260189107,28.31226664627687
3376,26.91683338519256,-20.5644219285016,-18.782073809810107,28.916561108600117
3377,27.383810132640907,-20.13608645504382,-18.530654064401755,29.447687029521454
3378,28.224854932968384,-19.680450285113444,-18.270633260749552,29.99325495201036
3379,29.244417818040787,-19.19616157057126,-18.006840886627586,30.530466784341062
3380,30.15270546174637,-18.695439644690257,-17.747976749030155,31.020862150715406
3381,30.926834295748556,-18.238597057298048,-17.511003984938093,31.463651831745768
3382,31.603085825019537,-17.866809849938875,-17.301007119507606,31.86723439382885
3383,32.28967995225706,-17.526980235577827,-17.084692155985675,32.28409156004183
3384,33.088655294643885,-17.14090156196362,-16.82287001331669,32.75537249433321
3385,33.774632830103606,-16.65909819234771,-16.497009023647053,33.203128571287074
3386,34.13973657176537,-16.060524507316245,-16.10562915772101,33.54047106799001
3387,34.49415341264259,-15.383032032328556,-15.678922425559259,33.80542121748952
3388,35.03566621069289,-14.70977993429192,-15.243010474956623,33.866110891916755
3389,35.191912871749196,-14.055344912530643,-14.788070882657925,33.4540569522041
3390,34.3454399684947,-13.434484071587208,-14.288909132177116,32.25476779536731
3391,32.59052041932755,-12.832597120709382,-13.731822475387814,30.387241298915978
3392,30.327115862647254,-12.221593990830515,-13.152188293890722,28.174849999670066
3393,27.94093841419043,-11.617890614575959,-12.57639337382707,25.852625492225926
3394,25.727214917201408,-11.045935831086956,-12.008929938729285,23.570257181383482
3395,23.489075061139616,-10.48017596976196,-11.421782873614992,21.288872391800567
3396,20.576245074169247,-9.763009447338783,-10.717682894352981,18.795893774022247
3397,17.65071918048439,-8.99469946090897,-9.977137291441412,16.266381134479488
3398,15.099474321110335,-8.162982736501776,-9.230056330949724,13.809064706405444
3399,12.794383722121706,-7.245610182719355,-8.502699256797042,11.419153257917833
3400,10.491098599735219,-6.248243647237995,-7.81889917139251,9.068090561022448
3401,8.133283269036847,-5.247682180134134,-7.174545943572591,6.7581833094960375
3402,5.733314563960901,-4.329420634022207,-6.5501875265650495,4.496428886757481
3403,3.5012894015959515,-3.5311279332644214,-5.921845695051053,2.325869854034586
3404,1.6620582815615177,-2.848588859767271,-5.2860618808124125,0.291219425129295
3405,0.0068386876509256705,-2.2066990885285,-4.669155288413752,-1.649924483463096
3406,-1.7573526976385403,-1.5240426437643861,-4.12497732939942,-3.554585218520524
3407,-3.507310631751621,-0.8196098426440688,-3.691776313638831,-5.384770706292414
3408,-5.039211483707118,-0.15132997409348614,-3.3572754047142896,-7.086719386910045
3409,-6.388090262765392,0.4437555818230659,-3.0836251989242203,-8.68067233929228
3410,-7.63788158559544,0.9449134548462425,-2.819183746372381,-10.195673643595477
3411,-8.881739797030122,1.390309168185255,-2.545748907162772,-11.626271126120137
3412,-10.194306637882098,1.8293333434761245,-2.2660841499691604,-12.955579147107665
3413,-11.394596294008489,2.2375503008962223,-1.98691213507288,-14.126529413992818
3414,-12.275784444546545,2.569830680531144,-1.718925335159534,-15.090504905031658
3415,-13.02171756331369,2.80105031465147,-1.4659866547470848,-15.923085176853313
3416,-13.880371367634696,2.928914005529861,-1.2233088417659406,-16.716413854120052
3417,-14.747316027959165,3.0276040145606684,-0.9825531850857381,-17.421741640710586
3418,-15.451911554313561,3.1819755697111614,-0.732651903348132,-17.96349220203695
3419,-15.99670569631716,3.3719470758677406,-0.4592572639921001,-18.350854555739094
3420,-16.42965153104201,3.546902052444927,-0.15489542299865738,-18.620495700886632
3421,-16.884437078630093,3.7143676638781264,0.1685252100474307,-18.838731204438364
3422,-17.48467733486648,3.8933191373566456,0.4905259692865316,-19.06631086937864
3423,-18.023152562072788,4.0878042440457705,0.793527037223162,-19.237481330375847
3424,-18.259142007440946,4.29892062675386,1.0644585592693256,-19.26713733232821
3425,-18.400848438152,4.512545838361755,1.3022321893285858,-19.224570712873383
3426,-18.72676418175066,4.706955932388591,1.5117670589062429,-19.207519651106395
3427,-19.156198312012478,4.86689517469877,1.691184164594507,-19.199436304880297
3428,-19.518704369236605,4.984073922281869,1.837393553799521,-19.157514269884192
3429,-19.702729934027182,5.069609241376763,1.9538015769683188,-19.068764129449267
3430,-19.643226656552226,5.13449488985448,2.044469069746688,-18.92820802060959
3431,-19.548142752413,5.157288265461938,2.107921297629706,-18.774838797151066
3432,-19.656767630133263,5.1122138165897475,2.144587919370295,-18.655156113929984
3433,-19.766300844324523,4.99295690264428,2.1642037262224956,-18.530641931634644
3434,-19.596405825161593,4.814477932992015,2.1800913489320606,-18.350701895877013
3435,-19.262731086695076,4.632656229929574,2.2044907195454346,-18.1590489512444
3436,-18.96707113210208,4.510940608542431,2.246433438278658,-18.011737521043187
3437,-18.73532934478672,4.470910245330594,2.3080840800224833,-17.896026437201378
3438,-18.552296171465976,4.5055619590105165,2.3850772894918704,-17.780583382461874
3439,-18.334493357965716,4.5925183737206385,2.4677242362858745,-17.626485027316445
3440,-17.991932538412495,4.695349761870529,2.546230640315494,-17.403626882728524
3441,-17.68636377219377,4.778719851070528,2.613998156904999,-17.17257783375138
3442,-17.603446786211684,4.81640819851136,2.668963385455813,-16.99907046466606
3443,-17.568276609472882,4.78877724566997,2.7262771689358756,-16.810754693590784
3444,-17.349078585634558,4.691350740908481,2.7995356914791336,-16.50755776965689
3445,-17.026136106452014,4.552847077775563,2.8633979551521627,-16.088969721460106
3446,-16.73866604661836,4.405427847923601,2.8977847458531305,-15.584605535840549
3447,-16.493775649340993,4.241950738462067,2.90276008234229,-15.023723615506462
3448,-16.261151462191556,4.044403513602876,2.918153492327936,-14.440306779347335
3449,-15.88673386622197,3.81591289001717,2.9614201452635727,-13.794431743468262
3450,-15.237057963216479,3.5699342221499535,3.040924410849215,-13.051824644837213
3451,-14.569051761871055,3.3267203915488555,3.1402375783509218,-12.351839994258029
3452,-14.18688830935995,3.1139910905953294,3.230905476051491,-11.843034832058647
3453,-13.935421350461706,2.9578368576094354,3.296761605942295,-11.465173529286256
3454,-13.554732413773364,2.874629116210295,3.334028612765098,-11.095334448262761
3455,-13.05101319204388,2.8700656080587277,3.3537224689752634,-10.685871802663277
3456,-9.947076271191749,-12.320979582926261,-11.319170950944098,-8.151156539865132
3457,-10.145457919164489,-12.548581025672103,-11.629342022015193,-8.367786029772779
3458,-10.458965858924506,-12.840076446500793,-11.913036948402999,-8.579425785058374
3459,-10.69230708828133,-13.168845075873547,-12.173853083690348,-8.741890170411876
3460,-10.66557822552476,-13.493742159425116,-12.429312214632832,-8.82126359181146
3461,-10.652312884774364,-13.786142330722152,-12.700144896164334,-8.900246337418034
3462,-10.938739662624869,-14.034327387445956,-13.006559943438774,-9.066727785785915
3463,-11.396141315382208,-14.269977874341286,-13.372011527952466,-9.321814579330614
3464,-11.81448503869623,-14.531951041721772,-13.798363791490923,-9.628960294327428
3465,-12.08505610952634,-14.81437712642614,-14.237831886598537,-9.914903423561624
3466,-12.160087126494943,-15.099243264791593,-14.632234873475822,-10.110063841616268
3467,-12.246566816802455,-15.384162085106345,-14.946252147102692,-10.24587132578525
3468,-12.549754323973332,-15.667157639961685,-15.169764856844884,-10.374083856032287
3469,-12.811927375400973,-15.947282064904359,-15.334477215295752,-10.447287286419717
3470,-12.75505951269369,-16.219642167397406,-15.484502371072963,-10.423217849571035
3471,-12.594895015842189,-16.46495897179061,-15.635524824423749,-10.373349213125477
3472,-12.591788940092322,-16.659536348502638,-15.786302343974272,-10.368774385452483
3473,-12.697831955234006,-16.778220905443863,-15.929159116320857,-10.39834519459274
3474,-12.794138091839027,-16.81346432494044,-16.04785323516635,-10.423650626111995
3475,-12.70492589527042,-16.798100418613547,-16.11953552353716,-10.368729582099162
3476,-12.308178223149758,-16.779170803835036,-16.129990278448695,-10.181471116710238
3477,-11.896300461135285,-16.79910422636684,-16.093389004823486,-9.970982459093957
3478,-11.772123612074058,-16.87929361140926,-16.030342729410968,-9.856936806105686
3479,-11.691006731205118,-16.990750786064808,-15.93883306928451,-9.772946386917582
3480,-11.354686222740934,-17.088394943554253,-15.81511327112339,-9.628947771476023
3481,-10.885614411147,-17.14983853328456,-15.673823670759427,-9.46222085213288
3482,-10.474728113486739,-17.167326411997525,-15.528310230695872,-9.323901356221688
3483,-10.204659614355586,-17.155190890035296,-15.380761410075396,-9.226933457526718
3484,-10.108402797024707,-17.13656886555897,-15.228942716153647,-9.16945697230114
3485,-9.988032344176075,-17.102332927156596,-15.058230827850176,-9.079711493839156
3486,-9.655046449927681,-17.054837325809544,-14.86128932671039,-8.898307440715303
3487,-9.361106093620297,-17.005294252066896,-14.667730265682835,-8.71850957131639
3488,-9.379193655879398,-16.982949459306504,-14.509741384127363,-8.646791588270831
3489,-9.526483878024791,-16.986303908888747,-14.393343884415117,-8.648778890274642
3490,-9.557628124861683,-16.952681122742675,-14.307279421885998,-8.659606271004018
3491,-9.47085007125354,-16.807551578336938,-14.211450345487327,-8.664860552596554
3492,-9.315403701452789,-16.56844689710557,-14.068584217862002,-8.65366980451429
3493,-9.185669246519083,-16.33547069363431,-13.895920923924056,-8.62740085059266
3494,-9.157906498563655,-16.15221024481386,-13.720690165300947,-8.589289975336692
3495,-9.028221114421603,-16.000063227295612,-13.534414051394162,-8.47875379950757
3496,-8.602090601237675,-15.824208777581662,-13.320503735621045,-8.246432234168765
3497,-8.10590492020388,-15.598571842228997,-13.06382511205049,-7.967389800287185
3498,-7.803654269240571,-15.312279631460576,-12.755290312487011,-7.723022879103581
3499,-7.61151905528095,-14.970535630914439,-12.414536907863216,-7.471192447673431
3500,-7.391324843210801,-14.594904228725088,-12.065563241282872,-7.1551538917733755
3501,-7.123222612570374,-14.209130319444185,-11.709007408354532,-6.7855781186958914
3502,-6.812879873186809,-13.832071328464703,-11.334088638487275,-6.387038479927627
3503,-6.602136822937473,-13.473164033278394,-10.923556366808498,-6.0072061648193396
3504,-6.596850380138996,-13.126714397016388,-10.46355545762435,-5.678706977298873
3505,-6.499346272569894,-12.773430393311985,-9.957091385097586,-5.31435746708988
3506,-6.021283738782079,-12.387088173435458,-9.422786204552983,-4.833308642302997
3507,-5.394485456342385,-11.934518886894917,-8.89875396204957,-4.318181297553775
3508,-4.92379261023747,-11.403238294121513,-8.420677570598148,-3.8814219836582713
3509,-4.581435873915279,-10.824854108684802,-7.992410596804814,-3.5511950387352496
3510,-4.2761781315096234,-10.25347555607899,-7.604689195056293,-3.326365246880625
3511,-3.9552853790969653,-9.759014760720104,-7.251479671215044,-3.17449693882137
3512,-3.5748873301288016,-9.385613585747858,-6.925955241147769,-3.051244302168767
3513,-3.291164869250734,-9.09347212313754,-6.627629335941011,-2.984402530743082
3514,-3.2386118525480536,-8.809451308428676,-6.351797604152511,-3.000517565948242
3515,-3.130216702008539,-8.48535327573984,-6.0765804753915855,-3.0101093599243987
3516,-2.6415673814802823,-8.121061218087657,-5.818599565212886,-2.929274514637138
3517,-2.177359287646303,-7.768301298007848,-5.591296121098974,-2.8941584962545894
3518,-2.119133434524319,-7.469433081416703,-5.438154469476543,-3.0295892078500164
3519,-2.3933819266748464,-7.257730049021591,-5.359687613932937,-3.320982124285488
3520,-2.775218349218644,-7.132624783845926,-5.330628651271643,-3.67908452091481
3521,-3.0272202717082464,-7.09657478091355,-5.350549296651993,-3.939931362134087
3522,-2.978480831623102,-7.125675625201935,-5.415931044265672,-3.9755374928630323
3523,-2.865493085612317,-7.20928088308085,-5.490811668238907,-3.8939663929831516
3524,-3.032977580736529,-7.077250613908158,-5.2950340801918525,-3.68954381787321
3525,-3.2476125094200667,-6.9435737195036,-5.067736673716979,-3.5331600244584362
3526,-3.229660811364248,-6.787176592774518,-4.798737302417241,-3.371680920228931
3527,-3.1144797469804555,-6.5804300472569786,-4.505755996863638,-3.231796176311857
3528,-3.114793339527987,-6.303606208277995,-4.217654552113514,-3.149791441567064
3529,-3.2292363821464547,-5.966626454248091,-3.9513017428764834,-3.139456265191745
3530,-3.3950466719019996,-5.5982767959055,-3.716816781030368,-3.2000911779757693
3531,-3.451130042284584,-5.2343085626924255,-3.519132124557139,-3.2685790690518246
3532,-3.252372117778419,-4.907601961994305,-3.3544793314006647,-3.2732021233161106
3533,-3.0290911785910484,-4.633020410137402,-3.2168135196015712,-3.240114888951352
3534,-3.0669355863351186,-4.406860353875726,-3.093492469324144,-3.215012447907385
3535,-3.198432100609019,-4.2090181292350115,-2.9555020067290663,-3.1572558294321906
3536,-3.1678649324942274,-4.0133843335090225,-2.7737131634448247,-3.0162674727617893
3537,-3.0429076130664825,-3.802847906236123,-2.5373055632331787,-2.7997305951427123
3538,-2.95063542957448,-3.575454429384096,-2.250475299728141,-2.5356541115406808
3539,-2.925416494734526,-3.338739462410057,-1.928513491212625,-2.267548117736539
3540,-2.967780366069671,-3.1109002162970816,-1.5971534272297376,-2.0393588264520077
3541,-2.887434972770054,-2.946418885833728,-1.2877044199046919,-1.8360913512144197
3542,-2.5004425444659555,-2.865390144926891,-1.024928929737894,-1.6266042765150635
3543,-2.0554782345255624,-2.833943610080301,-0.8231426747017911,-1.4472890105888847
3544,-1.8729059071086165,-2.7584946989506864,-0.6794766569676378,-1.3375994109361302
3545,-1.8373722359692557,-2.5640650320179694,-0.552144462083288,-1.2503280408250304
3546,-1.7439431653645907,-2.268548181674068,-0.3995351730006503,-1.1331329203548308
3547,-1.6326401046635597,-1.9635141630292967,-0.23594504325284693,-1.0097367255565712
3548,-1.5887456976201306,-1.729899240988472,-0.09499319938104397,-0.9247915320810484
3549,-1.7154080974308532,-1.6232678995251815,0.005986938449160872,-0.9270422444697428
3550,-2.0832525761303606,-1.6415848247890659,0.06347023398548263,-1.0441575909014469
3551,-2.4227137696004104,-1.7546349150067466,0.10398924303084495,-1.1864577801177163
3552,-2.4424615220316213,-1.8907591528062693,0.16550212252038304,-1.2468678810234732
3553,-2.379842817334579,-1.9660942110709223,0.2653383984123175,-1.2681115090018766
3554,-2.5651627809444792,-1.951009987380337,0.40441122149303144,-1.3246933579115783
3555,-2.896861758214898,-1.87206351955088,0.5661476747196184,-1.3883571798540442
3556,-3.1712616170622807,-1.7552122109890949,0.7256020326490233,-1.4131128400623678
3557,-3.298389395586143,-1.6198667942685834,0.871008984384102,-1.371592209309901
3558,-3.2425371048971643,-1.4775422039637107,0.9980238085458377,-1.2569700841297942
3559,-3.2230123954101386,-1.3503440932728505,1.1025447848069012,-1.1701149857428648
3560,-3.4839022121333727,-1.255026800017684,1.184571286117917,-1.2164158465734103
3561,-3.789579972556108,-1.197730078976014,1.2421472832159506,-1.3255952185990896
3562,-3.8258417406853322,-1.1707533411419406,1.2758406707787093,-1.3840813201943372
3563,-3.764246852129545,-1.13707784265101,1.3056640434839943,-1.3961798473321143
3564,-3.860518668482173,-1.055770653896227,1.3504249881609995,-1.3968032947297404
3565,-4.063002470273628,-0.9169866831181148,1.3960304275975681,-1.3949724618241535
3566,-4.249530539503535,-0.7288326839422489,1.4220108377679521,-1.4008904741221326
3567,-4.2981183950268695,-0.5062100119117579,1.430264335783824,-1.3888468574000166
3568,-4.117858356855597,-0.27096967027407126,1.429529282677851,-1.3280521672709151
3569,-3.9222293660756256,-0.037561689224384576,1.4343886374215136,-1.2798462650782185
3570,-3.9630258450616624,0.18114316997757277,1.455691838516952,-1.307242568939217
3571,-4.058694254235012,0.3567586947955741,1.4648072032802706,-1.3335189004257533
3572,-3.9465180847606245,0.4643212711864104,1.4304644901178656,-1.2619832683536323
3573,-3.709994232085308,0.5068328165269798,1.3773309999811325,-1.1159160443394218
3574,-3.509907798217687,0.5017446366733764,1.3419670871685572,-0.9536465992000835
3575,-3.391252595531174,0.45888863295377336,1.3248150237664784,-0.805668233196694
3576,-3.370141677719125,0.39381126266336464,1.3130009837120762,-0.696094921750108
3577,-3.3372626437764445,0.35125629501991845,1.2916668207777753,-0.6075423874735758
3578,-3.1675284086184323,0.3673457889391153,1.246128445696529,-0.5097088812099756
3579,-3.05053890566603,0.4251954338769597,1.1774407145519254,-0.449453863865641
3580,-3.192638750627887,0.4883765934269153,1.102221509392362,-0.4703879706328189
3581,-3.3408748204511602,0.5273422474049541,1.0435690031994898,-0.4960946371168281
3582,-3.182683444475208,0.525883793780504,1.027845631795301,-0.4306641472131408
3583,-2.8044546700970874,0.5125606590230593,1.0890020833881882,-0.256525803552814
3584,-10.674929251016804,-14.926886989260955,-11.72326706287036,-8.776256490654648
3585,-10.78055743287873,-15.368083372293516,-11.92309204471065,-8.750658005795296
3586,-11.039033923077268,-15.818118698126929,-12.12737262081154,-8.75223685997955
3587,-11.272679196940949,-16.26222478227012,-12.343777869699046,-8.712986459175166
3588,-11.301268978961554,-16.693928402551045,-12.574188941141824,-8.569496295342029
3589,-11.364521844942717,-17.112711827101997,-12.815104315126364,-8.417786922191388
3590,-11.713060242945838,-17.54054179412627,-13.06167765963837,-8.365732408084625
3591,-12.187897627487095,-17.981904564983203,-13.317678073300227,-8.387009832990643
3592,-12.572912862885763,-18.413875489597185,-13.587634680210536,-8.428754019175637
3593,-12.824167995947477,-18.8266727802999,-13.863579850710456,-8.475204469071238
3594,-12.95500325559232,-19.233738074054028,-14.136750098884267,-8.513770804379565
3595,-13.143671506153773,-19.63551315527213,-14.413755293070086,-8.576210278296884
3596,-13.538481685327513,-20.008968677249747,-14.697650734193394,-8.683637857010204
3597,-13.838026868624967,-20.331206511473933,-14.968891976715009,-8.720327875259496
3598,-13.739765986123196,-20.590734773296038,-15.206676897748984,-8.585977733206239
3599,-13.496536348285815,-20.76993945169105,-15.401888864672882,-8.376264272487315
3600,-13.42270774132758,-20.837258535886814,-15.55634498315093,-8.221599045568523
3601,-13.472679463480718,-20.78365506932575,-15.695990818226232,-8.154146068599156
3602,-13.516256066078718,-20.641413218374296,-15.845658733429426,-8.166896396724047
3603,-13.395757053080368,-20.454453054855882,-15.993984150182502,-8.203040847479336
3604,-13.001988558518313,-20.253641544757265,-16.12072533436045,-8.196624724620916
3605,-12.59848923672929,-20.079036977364908,-16.220295951404346,-8.185683588376246
3606,-12.470549770393726,-19.98512394052773,-16.29282177332617,-8.222091626571991
3607,-12.41774124794474,-19.989655160696106,-16.349373362772642,-8.240297075701585
3608,-12.189712631718702,-20.063478953652297,-16.399810775829717,-8.178947345445799
3609,-11.926727242820316,-20.167165102352634,-16.431127009577825,-8.107072445172179
3610,-11.805304735873847,-20.2750577959346,-16.425612385383698,-8.100144838724095
3611,-11.815882257129541,-20.354671292688895,-16.37778461926015,-8.144507075371143
3612,-11.903138908475759,-20.384304877498774,-16.29221524259772,-8.204386864304507
3613,-11.899115429505237,-20.34566640491427,-16.186385154621743,-8.228546846716597
3614,-11.66812611417556,-20.23950935310146,-16.085675562090874,-8.183231114245743
3615,-11.458508281156668,-20.062144392265033,-16.01460001426636,-8.15842083407758
3616,-11.52347764312504,-19.840564911762367,-15.990687542890221,-8.24551773549562
3617,-11.619264035138512,-19.631561550745783,-16.018438948665487,-8.368074348826633
3618,-11.464951778603671,-19.45664310851447,-16.09003128264219,-8.434798100779872
3619,-11.177814231964632,-19.30110105859605,-16.186213225012434,-8.48118456135193
3620,-10.941277665201408,-19.13663984442073,-16.28250884700777,-8.566607929657579
3621,-10.836262690232402,-18.96761082715016,-16.361368296379766,-8.735865529033644
3622,-10.886020953939674,-18.803030216434667,-16.406732077260152,-9.006709191577396
3623,-10.881660020353939,-18.634014810672774,-16.394422076060277,-9.279759182639722
3624,-10.61831264413179,-18.44896768632955,-16.309864344888226,-9.447714075028404
3625,-10.297546256853506,-18.234509073739233,-16.15976764426158,-9.554703929149001
3626,-10.162465500574438,-17.980839505976633,-15.96378464275913,-9.671330622736507
3627,-10.09286334401809,-17.696982268508123,-15.758440442837507,-9.766282719005254
3628,-9.924161994490644,-17.395700420796196,-15.571734482514426,-9.803356239311052
3629,-9.675585980502765,-17.076305017991356,-15.386521975146513,-9.80068338963674
3630,-9.398959633006468,-16.731249043410838,-15.174171584501684,-9.779815306149038
3631,-9.201359872397438,-16.35130836489368,-14.927304040098544,-9.777424528799095
3632,-9.163591368290616,-15.924233113920868,-14.6469416070151,-9.814088321108995
3633,-9.068736603412926,-15.434029016412968,-14.3466546992388,-9.789484919225416
3634,-8.711461332400997,-14.871902096372784,-14.039390738112457,-9.616771800987513
3635,-8.336510310076134,-14.249192715530297,-13.705150575776308,-9.412216732064675
3636,-8.209684773260735,-13.584662051701088,-13.322266476671041,-9.300036569067329
3637,-8.189341177148222,-12.888524817944724,-12.90368309586407,-9.221363964766738
3638,-8.064074226968344,-12.1697886312582,-12.466632314150502,-9.073815758319375
3639,-7.745369002939917,-11.444113222024503,-12.013310140477627,-8.782488402061732
3640,-7.20931777879858,-10.721481266617946,-11.534592835608308,-8.30668404477648
3641,-6.666737654119285,-9.994101830939305,-11.000367976653322,-7.7399434900741175
3642,-6.321410129235392,-9.248735597051462,-10.380356598768353,-7.199978780725655
3643,-5.9245689809731585,-8.481089859443635,-9.66794077032926,-6.648927627603686
3644,-5.177433866457164,-7.704607943803009,-8.916061128426326,-6.0345434401132945
3645,-4.489106607362401,-6.940010691522428,-8.209282838964594,-5.5474083766211955
3646,-4.232694480965727,-6.21884655326588,-7.647381533709305,-5.34113996785339
3647,-4.196260967517131,-5.5429737078395185,-7.219898252830308,-5.321266866523128
3648,-4.050057087674054,-4.911049966874071,-6.869958809715237,-5.324364304139198
3649,-3.731239431840823,-4.3400978333527025,-6.584306538708235,-5.2818330045290445
3650,-3.282821013396359,-3.8457914558519626,-6.355961446716093,-5.170562648534285
3651,-2.938851286325412,-3.432904095854757,-6.174171364692905,-5.046703356042094
3652,-3.2636749417713347,-3.109355359686511,-6.062475104030974,-5.078192471775296
3653,-3.6917890454519413,-2.784974750080724,-5.9764464830630475,-5.171619807918476
3654,-3.897932348222744,-2.442414626966382,-5.893875192171957,-5.285471899614955
3655,-3.984979530151181,-2.097253257290101,-5.821363554948373,-5.483401591203713
3656,-4.153296442918512,-1.78002172055327,-5.768900276040926,-5.82386053446881
3657,-4.3940127416097425,-1.5303198935907947,-5.7301692377808715,-6.261100152451339
3658,-4.657147591255243,-1.3673389101625646,-5.694433130031665,-6.71376425046605
3659,-4.855357690220367,-1.2770700046429955,-5.650520844743467,-7.0858073393730425
3660,-4.900802833502832,-1.2013788604084394,-5.586049659811189,-7.301624069486222
3661,-4.9681787788958784,-1.1059843413343964,-5.491467578324107,-7.416030478146688
3662,-5.2426282103865125,-0.9731468452556551,-5.361020694123328,-7.519539110433673
3663,-5.467247426971392,-0.8191026652804261,-5.194250161261375,-7.575706721625843
3664,-5.335551530467225,-0.6786368143137502,-4.992068204181578,-7.525641796207763
3665,-4.970045218640243,-0.5741742661364071,-4.750006891586214,-7.4154952220165855
3666,-4.606240096678218,-0.5133212270674707,-4.464036623328961,-7.298862593902163
3667,-4.362506755394356,-0.4881685569088016,-4.135825197861604,-7.16127948144326
3668,-4.29058116824434,-0.47481677447411985,-3.772625414774843,-6.969473102750442
3669,-4.1970804252214355,-0.4331503642901,-3.391707220767677,-6.667636544183069
3670,-3.843022534730191,-0.33016845592164235,-3.0131378233425026,-6.214251356107542
3671,-3.396719029312461,-0.17148384130192312,-2.6470872151854534,-5.69166157277818
3672,-3.0957900275039343,0.017087707110072882,-2.3008051925451944,-5.207000885272263
3673,-2.7573848624431565,0.21330778845985124,-1.986768319841879,-4.728512919211403
3674,-2.1532090216188036,0.3975557970834712,-1.7174156154553584,-4.203155227159067
3675,-1.3808256109064427,0.5571265825610963,-1.5018996419670925,-3.6930760374391673
3676,-0.6209936665654556,0.6920951185499695,-1.3448443112250414,-3.276969562934335
3677,-0.0481835686787479,0.8135800383565441,-1.2450664669441132,-2.98768154135878
3678,0.21181195429709843,0.936612514919472,-1.193183892398355,-2.828785841778669
3679,0.3813758119809551,1.07744408001599,-1.1672427058024424,-2.719885756035717
3680,0.732057257477122,1.2320846426472611,-1.1427794880736293,-2.57298003357306
3681,1.0375966214498116,1.3928528221787506,-1.107431280475836,-2.441627222100033
3682,0.9911286655166995,1.520185966905674,-1.0575506394864678,-2.4141568159552214
3683,0.7358078706942388,1.5578528850473432,-0.9900525042495808,-2.4738227777659922
3684,0.5045183003474224,1.490460823417004,-0.9101705199371037,-2.583730001392746
3685,0.3258022095467895,1.337610540074942,-0.84082662816113,-2.7417842459349346
3686,0.1774911402077995,1.1464863050551817,-0.8054274395758088,-2.9487672167701446
3687,-0.07184785725824,0.9674741533541242,-0.8088741524667977,-3.25570847241695
3688,-0.5428357143417687,0.8285207498545275,-0.841175673462978,-3.692765703647311
3689,-0.9576359235369166,0.7484194512038933,-0.883176912800981,-4.103672288540478
3690,-0.9994881018374928,0.701320512427741,-0.9063740266609422,-4.308646531242045
3691,-0.8772993761398464,0.6209256390754355,-0.8741333764392212,-4.33891811739041
3692,-0.9031645909959125,0.47603548342226265,-0.7597055223273762,-4.2814411414311495
3693,-1.0229206185996516,0.31015959140863403,-0.5608301009537139,-4.120508284508803
3694,-1.0943451905099155,0.19390475141633215,-0.2980034458412775,-3.8282694042075605
3695,-1.0310403767310763,0.14918813303631165,-0.019993899063816226,-3.3797500679170986
3696,-0.7777634836990376,0.16903192335972386,0.22287550883800206,-2.771141449170838
3697,-0.5270048537447599,0.2225143824686952,0.4160421301616284,-2.144144470996396
3698,-0.5011055438117786,0.2667466953323998,0.5662113935018692,-1.6542478344609113
3699,-0.5076780267720395,0.28285501660831086,0.6886605397624533,-1.252393779247368
3700,-0.29038813354475046,0.2692946818977621,0.7994467973114663,-0.8378134710869085
3701,0.006291449417459849,0.23148901146203643,0.8931278589805911,-0.441894946633629
3702,0.16084320820511683,0.18144876641010182,0.9551353103700423,-0.11846747991970084
3703,0.16146973993319857,0.1251489439786706,0.9804972781490333,0.13151941137021395
3704,0.05744177271414902,0.06539739839001697,0.9707697657255964,0.3157578905707823
3705,-0.02406361934445489,0.01575632121293423,0.9371690593514631,0.4777740168763035
3706,0.047878818390463596,-0.011574622577942992,0.8954822987050544,0.6614794359805833
3707,0.10788958769297308,-0.028077320978144235,0.8550111031481348,0.7974480114579804
3708,-0.04198975076167988,-0.03849153575291296,0.8202872949436053,0.8093365562714978
3709,-0.17611410522587984,-0.04205322490588222,0.7905918788081759,0.7819948677054164
3710,-0.016486612342416884,-0.013534714504183601,0.7634155850515217,0.8289453448225065
3711,0.31563649686208917,0.057392597445357865,0.7450089605571073,0.9371522572199151
3712,-10.851592161258662,-13.075740643669414,-12.820176950996498,-9.59908081309464
3713,-10.948684634570574,-13.34858455465551,-13.146310121091924,-9.629559164151908
3714,-11.216874537150025,-13.665999843561972,-13.451248027250319,-9.685031090075078
3715,-11.438535209055392,-14.008817660078082,-13.746744543489175,-9.717933880807724
3716,-11.390590995543587,-14.336486083301269,-14.025861431134743,-9.673746961836807
3717,-11.286290586067969,-14.614351980259755,-14.264752157660828,-9.587471543995937
3718,-11.37536413073892,-14.817215959765921,-14.44271822195034,-9.507406450324435
3719,-11.517365331518421,-14.957738288635753,-14.57094699614804,-9.421471360332696
3720,-11.532594906715248,-15.067346856972284,-14.674161526509183,-9.321306555683577
3721,-11.441324769862742,-15.160983634148296,-14.774409940562832,-9.232673337241565
3722,-11.313122212833544,-15.258227941307897,-14.890399683555739,-9.186440408752793
3723,-11.315028074335059,-15.399467304094944,-15.032063072176753,-9.250879313093373
3724,-11.574522603993138,-15.619475893932899,-15.196571842479402,-9.457562731234697
3725,-11.839466279792504,-15.939259893098628,-15.367504540732714,-9.663870422710936
3726,-11.843377298532873,-16.354301283445864,-15.525133255853468,-9.722063566271743
3727,-11.79222445795973,-16.80619755173312,-15.656678815195216,-9.680773730758737
3728,-11.933160175632706,-17.228468741695693,-15.758463378732793,-9.631603081867574
3729,-12.143035329191358,-17.6022217976883,-15.839134817179492,-9.579507187387907
3730,-12.25209944867955,-17.928786689956876,-15.913349573297033,-9.519482559558066
3731,-12.209731734536204,-18.20641312167658,-15.994200506175435,-9.440314377638998
3732,-12.020659838693279,-18.4423108756945,-16.090712885634733,-9.33402145610524
3733,-11.91053930936175,-18.649735957096237,-16.20128095382642,-9.284231724274093
3734,-12.080545100396861,-18.840756922702457,-16.32029416372626,-9.360480074752209
3735,-12.256157928753835,-19.028841282986647,-16.44946786536141,-9.462329851468281
3736,-12.138348820376786,-19.21942353044398,-16.58687699327406,-9.471846211017347
3737,-11.944674330854246,-19.39918925958302,-16.718960775968124,-9.418053715271135
3738,-11.940712111723075,-19.54853938374612,-16.826746784566918,-9.353589101763363
3739,-12.04476511234612,-19.651117297542385,-16.88554811648431,-9.26061295929739
3740,-12.110504065173494,-19.697139129776943,-16.87748586718893,-9.120397518254311
3741,-12.007904370738284,-19.696825722906066,-16.808101184268814,-8.923333745057446
3742,-11.65869178411984,-19.667607344841418,-16.69513925550308,-8.671786421276014
3743,-11.305155212061067,-19.602372217753913,-16.55667028577477,-8.447736828154028
3744,-11.195798612988357,-19.498786708843376,-16.41046302799506,-8.323520943458142
3745,-11.110863657798003,-19.406462045370965,-16.268848135272357,-8.219828259213772
3746,-10.78544595942196,-19.362499569973615,-16.13574933599755,-8.044973379362455
3747,-10.352565834329484,-19.32233869777794,-16.011111005194152,-7.855791576680863
3748,-9.98891055174319,-19.22188063611959,-15.887915462166134,-7.715838345827812
3749,-9.68225306932889,-19.028118699501324,-15.74137920568334,-7.588660144180481
3750,-9.376216215688931,-18.72519336282491,-15.554478036330988,-7.418511835513499
3751,-8.914024606966239,-18.325031677521118,-15.330994061856186,-7.1231434885999025
3752,-8.177855342969245,-17.85468339115365,-15.088782353121537,-6.6608492480703525
3753,-7.416255202069808,-17.32198068737756,-14.833622262135432,-6.1953295654378735
3754,-6.8952592370990695,-16.737274417003228,-14.551878258401368,-5.895520325358092
3755,-6.457084424756601,-16.135968471086827,-14.230707238485605,-5.681234711614013
3756,-5.890235901735041,-15.554333920918074,-13.879074676770434,-5.426853134573518
3757,-5.253238642930043,-15.015855868640063,-13.521210257353667,-5.141945920276978
3758,-4.648590184649598,-14.52722179806203,-13.165429050121965,-4.859944773634342
3759,-4.161023881569584,-14.06729813451018,-12.799347382816306,-4.610033096083736
3760,-3.842462299047905,-13.599183056054335,-12.425393676154947,-4.413711646209526
3761,-3.49040455663469,-13.089388919870544,-12.06713288643347,-4.195817044156574
3762,-2.9193979542722497,-12.512818764414195,-11.721450823636333,-3.8805484073733068
3763,-2.3891582621153438,-11.849827766299423,-11.355028933912697,-3.530105814320898
3764,-2.1804547771545053,-11.105519952701215,-10.936309622664362,-3.2242019289101798
3765,-2.1349413595403925,-10.33556118177928,-10.467938111186868,-2.948526457709056
3766,-2.027996823117845,-9.601627918751474,-9.971729101766785,-2.6653032099175924
3767,-1.8386665460459926,-8.920639352106866,-9.454756765186058,-2.342989892476093
3768,-1.5964095317410514,-8.288587091184365,-8.903705831198605,-1.9558410719786463
3769,-1.4238208992296437,-7.704215550576003,-8.309652635844905,-1.5269238092911102
3770,-1.4258408504070512,-7.1548876770162675,-7.6799775634422165,-1.094926768086764
3771,-1.3804140093002129,-6.608411935343087,-7.018762872627395,-0.6527790385654427
3772,-1.0747606773079146,-6.067754739521381,-6.38275634312904,-0.22143262510773387
3773,-0.9083305844167281,-5.575984644511471,-5.884682581605325,0.05559762467505519
3774,-1.2488110829586863,-5.188666966323591,-5.5866204513390185,0.05722753010687394
3775,-1.7913991907440423,-4.908659185446439,-5.463957542609567,-0.14810701117638675
3776,-2.0900279820155925,-4.693360622274369,-5.4588105091608154,-0.41789903407763807
3777,-2.08301801575785,-4.444336031293719,-5.5022629397899046,-0.6525736814074286
3778,-1.8567254663997343,-4.081334796899086,-5.5265427425367335,-0.790413354455098
3779,-1.628453780452596,-3.6416527074896243,-5.480053310298315,-0.8780666257615033
3780,-1.6021726707430317,-3.0464683158009676,-5.1497481249085615,-0.842972845053981
3781,-1.56625798672717,-2.491515165206903,-4.810285415120327,-0.7650141983267342
3782,-1.2066849184767305,-1.984928630921549,-4.490113536867003,-0.541511483856694
3783,-0.6809199878183847,-1.4882251581163242,-4.200692296945261,-0.20351307252491543
3784,-0.25640889005604545,-0.9541787670884894,-3.9365880162993294,0.1779802175704681
3785,0.0654891711772688,-0.38799428057471225,-3.6982142295457954,0.5640827734483842
3786,0.3462579625297834,0.17868821986490963,-3.4777163110593055,0.9229315811438255
3787,0.6574521802872366,0.7137321843960637,-3.2700275575760522,1.2582936024373603
3788,1.0664274989126492,1.1845635099364897,-3.0575734353229858,1.5909309827773355
3789,1.3959676148062548,1.5721148398830762,-2.811658068842181,1.8824351829581145
3790,1.4506225832264064,1.8750517164687626,-2.5248663473924577,2.096323984864252
3791,1.4442904719131469,2.1092625810062846,-2.206902194442948,2.299986812029962
3792,1.649318344412198,2.298739399899141,-1.8798851876584162,2.568155884528138
3793,1.942505715151117,2.4614646442089048,-1.5598860761042177,2.8685401998660547
3794,2.122349599872196,2.613452008412026,-1.2587777181078335,3.136710839371418
3795,2.182986723776672,2.7644456760926546,-0.9859377914511442,3.3373040500742515
3796,2.173412337430205,2.9229920098475297,-0.741968594647426,3.447034223055466
3797,2.2387160887490083,3.1245193264410673,-0.5187521796405006,3.4848761793336416
3798,2.5099028639872834,3.388815427190516,-0.3016974650393399,3.48687710362577
3799,2.7558525702833796,3.665982986647867,-0.06615726040531032,3.4194372799065946
3800,2.699809223250703,3.8849645896611813,0.2055642281960946,3.249577168354382
3801,2.5172720724690354,3.983085604479194,0.5045466079213787,3.0665486338880594
3802,2.474812248716452,3.9336602874396456,0.8062675103703101,2.962614394083572
3803,2.5274881758979726,3.820426723664916,1.0786433137886817,2.894010111875377
3804,2.5644625567431114,3.756126174984292,1.296303293614046,2.7804198712560777
3805,2.5376188888012066,3.7576412178321688,1.4609905386348172,2.568135602893625
3806,2.4213958145546486,3.802171688451703,1.592358203756306,2.236136339921474
3807,2.39402185368957,3.887061176436144,1.7234172852796643,1.8947761368345286
3808,2.6362573516518606,3.9976941002153024,1.8818956674325,1.671465688403472
3809,2.8968169604971132,4.10331426727528,2.053556869815023,1.4997033988695576
3810,2.869340886249603,4.175870399623529,2.2142275918076195,1.2725260888330987
3811,2.7202040503722693,4.184183860462338,2.348422239835616,1.0313344620139469
3812,2.710807403988532,4.113993662526169,2.461603541847709,0.8495820580782694
3813,2.824639987749055,4.001735339862541,2.560585640723004,0.7583749828861619
3814,2.976897839127346,3.902109194537068,2.644517442220385,0.7696699086338554
3815,3.0547826533750673,3.8474629872016157,2.710569143281605,0.8120457655487159
3816,2.963233096394115,3.853860789305251,2.7606952954057338,0.8015155722205438
3817,2.926399194397589,3.9245075582353217,2.7982293335019497,0.8036505061947978
3818,3.1952112229642866,4.043820699098886,2.8390749665925066,0.9068751833836878
3819,3.5342624773403597,4.180320617334366,2.911094746487,1.0378084225077797
3820,3.6263050114571906,4.303521216112344,3.012579587877467,1.1028344486083803
3821,3.5609581728757944,4.39139306921565,3.105767887925053,1.1316619661400533
3822,3.5255236802616277,4.4391618432122595,3.171007780536489,1.1851728431320394
3823,3.5874052736374176,4.489596278400178,3.2095845599226696,1.3161116725134405
3824,3.772873404038261,4.586247343073835,3.239224532263019,1.5570893523101335
3825,3.922976674233938,4.696405095962837,3.272411494600714,1.8247497680590679
3826,3.8599024701308395,4.768266730017625,3.31945969994063,2.0132429240641185
3827,3.8003927432679867,4.800926198083231,3.3895405977419375,2.1596383831698196
3828,4.008332172230216,4.807014242670297,3.483943850954283,2.3333904233693814
3829,4.284622785750353,4.793765895028973,3.590098968772998,2.502949643159837
3830,4.352686362624439,4.768534680987945,3.6925577302223784,2.621448909451134
3831,4.255150732660847,4.706899462718057,3.7863373279439334,2.6857782497482714
3832,4.119352572692897,4.586133315823618,3.8721935734005126,2.704111594868304
3833,4.0711977680227145,4.4514939918046945,3.950579781486452,2.7140076116427605
3834,4.206570853122939,4.355716207341468,4.018491569238466,2.75188299555595
3835,4.321084684052015,4.287098791913431,4.08755082472161,2.7714795217271346
3836,4.167723118239714,4.2080357093963325,4.151103081813797,2.710825726236899
3837,3.9328685345976346,4.08055474615865,4.182942723000928,2.595142694808895
3838,3.877339241503431,3.87066715264102,4.155946983743236,2.469368534947877
3839,3.8822717399797955,3.5804232433116097,4.073514863193097,2.3209521886689615
3840,-7.391805113483951,-14.297568003770177,-11.426726353672727,-6.170821208291348
3841,-7.7430025206857325,-14.73121486862483,-11.775509388297397,-6.51914864048577
3842,-8.29401348200566,-15.292791283658937,-12.170646519843826,-6.967741577204503
3843,-8.833444989245171,-15.933121858663657,-12.60000259362422,-7.433871314333782
3844,-9.160448178371785,-16.568409445456286,-13.044359119615969,-7.831595249470599
3845,-9.499365473351284,-17.146941945507145,-13.489611214716119,-8.21302844592941
3846,-10.098747920857368,-17.644502133256452,-13.931086154203689,-8.659606393258667
3847,-10.75169208144029,-18.080139175754187,-14.392666444814369,-9.194017987320786
3848,-11.215302275491943,-18.496028653009393,-14.899015997514084,-9.810071771334059
3849,-11.563290397590588,-18.92478809521772,-15.441346387545835,-10.459132525350373
3850,-11.928920246706499,-19.384063888210424,-15.99711097127924,-11.07104818797078
3851,-12.425809892050456,-19.857602710860967,-16.543863398065128,-11.615086282142865
3852,-13.119688464974034,-20.319659404438443,-17.061274094392708,-12.07772604137339
3853,-13.79193145614815,-20.7761035315314,-17.54309443680606,-12.408840332503454
3854,-14.216044398508329,-21.23137472708448,-17.9914128395147,-12.589033664374899
3855,-14.580571543475685,-21.663095912752606,-18.40614628829326,-12.722311238947158
3856,-15.109108520485012,-22.04131279869749,-18.785690682505003,-12.905709017371443
3857,-15.661169079367536,-22.320666310879915,-19.128274789638528,-13.096264972381922
3858,-16.056597169002018,-22.473611478012316,-19.427027859601665,-13.217760744335806
3859,-16.287677517984335,-22.55238099214369,-19.66505701906808,-13.22296905756928
3860,-16.39387900146017,-22.62236060875048,-19.83004263832802,-13.10156894279729
3861,-16.530545723114905,-22.674963652197203,-19.924348783086643,-12.960996837190395
3862,-16.82355149394452,-22.68938151126599,-19.96296650558727,-12.917508555583984
3863,-17.028688323646808,-22.701118508510334,-19.982686066745664,-12.935872047182237
3864,-16.899792532515196,-22.737354733952785,-20.016624783320154,-12.94469192138958
3865,-16.661599148112394,-22.755347530448923,-20.055154279371624,-12.954679576715746
3866,-16.583950153079382,-22.710561867743593,-20.079560174071773,-12.977282530543706
3867,-16.602109879045475,-22.617506292285977,-20.10136547099137,-12.981319629350413
3868,-16.583767313454256,-22.502705086512915,-20.13328916952906,-12.941417873015585
3869,-16.41381449256242,-22.370275359623893,-20.1679120401059,-12.830683033531955
3870,-16.02737602755824,-22.219585133725374,-20.195658194068418,-12.648328470181598
3871,-15.671386312998445,-22.051004306084284,-20.2068054944824,-12.498375082226211
3872,-15.593125209521569,-21.858383782606026,-20.195601110362368,-12.476050432839275
3873,-15.569128755295,-21.627254653336806,-20.1825928175121,-12.528209264829243
3874,-15.333300108855076,-21.353090237797193,-20.185319592265753,-12.565901527985845
3875,-15.02058201244281,-21.05132150091475,-20.17853311794535,-12.564800468889567
3876,-14.820715330237045,-20.751341109380927,-20.135622500116856,-12.522327653496625
3877,-14.756457017325337,-20.504065327842277,-20.06236285082749,-12.454285311270922
3878,-14.802284908645214,-20.342989828185143,-19.981303666034794,-12.394332031918108
3879,-14.804985503124659,-20.23634111724097,-19.934548789752593,-12.351221052441014
3880,-14.62235910008256,-20.12624088122265,-19.956615486713,-12.326716008652221
3881,-14.448735838011029,-19.96543676814059,-20.034772734099413,-12.36840229186273
3882,-14.485007430582593,-19.719919300818425,-20.132540241613846,-12.501140122419036
3883,-14.51191780885386,-19.38325449893638,-20.212522338176605,-12.630054438960522
3884,-14.284003165711706,-18.971854356991233,-20.24039143718341,-12.662858174207905
3885,-13.889307186423876,-18.512855386830747,-20.198183911459754,-12.637973201649466
3886,-13.481621749496965,-18.033713068303808,-20.083763064194557,-12.620121823187034
3887,-13.160681995861271,-17.54624468464969,-19.904793506214904,-12.637274708983426
3888,-12.984032646943733,-17.050614589068918,-19.67263897265989,-12.690083358425984
3889,-12.777203906164788,-16.547422870828775,-19.394793871762296,-12.68382728414273
3890,-12.36126296300162,-16.03013961371281,-19.07106046275136,-12.529695989545033
3891,-11.952191901691037,-15.474347944382146,-18.695513589234842,-12.313785319345884
3892,-11.77716769774568,-14.861328715082035,-18.261929035420017,-12.142056244243344
3893,-11.627600271331678,-14.20203355873072,-17.752557278276026,-11.964506259850143
3894,-11.26945475514626,-13.51744830172422,-17.168203516037117,-11.713474443159594
3895,-10.769659764335834,-12.822670486465801,-16.581426551085812,-11.410371102043024
3896,-10.268132205188826,-12.127130529128626,-16.059341240227315,-11.087781361359994
3897,-9.957149673839446,-11.428420870978085,-15.57868008095957,-10.777970612754535
3898,-9.964189054069362,-10.717854094175003,-15.089439278784727,-10.503250199524052
3899,-9.989639786685762,-9.986606903364166,-14.555457162150752,-10.189600408010586
3900,-9.70494714144686,-9.257673336643087,-13.979909403032268,-9.773576492023006
3901,-9.49613649382676,-8.578272908794975,-13.429437826303953,-9.35589565761731
3902,-9.75089407791629,-8.010204942004664,-12.98384516629195,-9.043247835961166
3903,-10.137632316793598,-7.544782841504005,-12.611364875454893,-8.73951246210164
3904,-10.215891785162581,-7.150313403998871,-12.242151274424248,-8.333383074046711
3905,-10.038057391762553,-6.845103657406257,-11.84360771690648,-7.869999466604992
3906,-9.78462681292771,-6.647073485516234,-11.402947544349166,-7.438547305956502
3907,-9.605558069687003,-6.5322996147109285,-10.93843388248291,-7.134795797461757
3908,-9.601560182536716,-6.316861739263146,-10.476734126502695,-6.985558449431712
3909,-9.609221910124006,-6.072204745318353,-10.013240011742312,-6.913208171979181
3910,-9.36644849967693,-5.727611787757892,-9.532524249305082,-6.756764370491546
3911,-9.065526898375886,-5.286998733531463,-9.043741554170603,-6.53483697360816
3912,-8.976925375491486,-4.795095625944583,-8.563669919397801,-6.319870407131194
3913,-8.998855898171046,-4.29282602852325,-8.103292157931039,-6.09973446080632
3914,-8.951290089531525,-3.822619800787611,-7.669863077175882,-5.8580899595975255
3915,-8.77270010263831,-3.4183180306025407,-7.259082639121544,-5.600197733261123
3916,-8.451104553694746,-3.09313024721864,-6.8629666369689115,-5.336625332636316
3917,-8.173152082389755,-2.848687252580715,-6.486449322439216,-5.145498172796998
3918,-8.137463371538376,-2.6674347049978007,-6.1372737050571535,-5.094577549437701
3919,-8.134120664369995,-2.4915023399774534,-5.814788614870393,-5.090160981403715
3920,-7.890013949567101,-2.2661980659550536,-5.5152828405943755,-5.008639095412541
3921,-7.549954849281231,-1.9943635181311627,-5.232471896344872,-4.871630351636727
3922,-7.343880183201272,-1.7091753574147404,-4.959492723393681,-4.736611271834985
3923,-7.27775938487402,-1.4446175625949176,-4.69606771571385,-4.603169519575875
3924,-7.2954289932129575,-1.231591979115836,-4.442666752719561,-4.461561038022745
3925,-7.272647955117525,-1.0861647850918024,-4.195034579434537,-4.271337917946927
3926,-7.0854124418153726,-0.9971249027955701,-3.946072843233942,-4.001319335646214
3927,-6.9152074575210385,-0.9185712396607204,-3.6811178547036993,-3.7510317936626874
3928,-6.97245914394763,-0.7947690394425238,-3.3895138193287155,-3.633363367371709
3929,-7.019770204137992,-0.5818239232897178,-3.0824458040211753,-3.6044853739040117
3930,-6.761990595743335,-0.26318846922027384,-2.7782489204153844,-3.5750789278783768
3931,-6.308691988012338,0.11861490287696297,-2.489975024924982,-3.5232865094611068
3932,-5.870664598222584,0.5012002157507119,-2.222878865410731,-3.444748329551605
3933,-5.550898277159232,0.8603272226531178,-1.960445032020723,-3.3466895120351654
3934,-5.3967696528019,1.1900854775551837,-1.6829197954652135,-3.2479901237384348
3935,-5.227591005713431,1.4871736321146418,-1.3956814033288523,-3.1227004046870794
3936,-4.829297958811428,1.754136564418779,-1.1159207404328642,-2.9405137851674366
3937,-4.393305234359584,1.983554758693638,-0.8584093801618985,-2.7541211831651258
3938,-4.176538393446044,2.1644798027178007,-0.6347089398222887,-2.6211107983491355
3939,-4.012772542744418,2.3006600301721614,-0.4499980653953185,-2.493750124718296
3940,-3.6744430965352795,2.3974777458847725,-0.29550180512270496,-2.3145835471096095
3941,-3.234425191848059,2.4481702438607247,-0.14014084311224187,-2.1094357160721646
3942,-2.834074739422571,2.4468629458218096,0.050379199431552515,-1.9306223101671094
3943,-2.5934971746630477,2.392988238635333,0.2927628018321773,-1.8535960796282653
3944,-2.5919239185045866,2.295187784840044,0.5859140625705409,-1.9275450071894795
3945,-2.6134518515696175,2.1893578363529125,0.90602755600146,-2.0433933776443114
3946,-2.404261015150346,2.1105395704398173,1.2201834151420932,-2.060036568245942
3947,-2.1629651596501547,2.0564484779206493,1.5070666122626188,-1.9937033950824639
3948,-2.1588336587596073,2.0074756092212227,1.7565443783579893,-1.9100551151374445
3949,-2.2280109121896494,1.938746355882123,1.9718231706831555,-1.8125801960090209
3950,-2.138228965768553,1.8339783164119117,2.161850839510349,-1.705944282729089
3951,-1.906040036488703,1.7164531758112473,2.3274374523653316,-1.6055339987174855
3952,-1.6261806341479343,1.6245856045825469,2.4637958477061943,-1.5254857594337965
3953,-1.4968724901434853,1.578735651591409,2.5602938758919005,-1.5482584524508483
3954,-1.6959358975129468,1.5804180889418928,2.607292172587725,-1.7382755738267783
3955,-1.9947617152152144,1.6117968161874665,2.6106664757808256,-1.9657192100091745
3956,-2.0933218299539678,1.6360858209731546,2.5822777994305035,-2.0769142311825144
3957,-2.1597852549797767,1.5950948925388122,2.5291705114721776,-2.1350738000953244
3958,-2.4410962895992294,1.4489297152989369,2.457198213089727,-2.2506920730651268
3959,-2.827009029807597,1.2176632124915703,2.3654870307930316,-2.407214035051173
3960,-3.1362257321567677,0.9586455316437138,2.2546681729879268,-2.5565273415836143
3961,-3.282197311118586,0.7596887392519753,2.1482132118388075,-2.646001583598643
3962,-3.2275531101461556,0.6903196605443684,2.069806872540741,-2.6323234759536676
3963,-3.165906944596924,0.7217061239712234,2.0145478257488825,-2.5866282639622487
3964,-3.3146092733405794,0.780606464666108,1.9684053295326238,-2.596913800230894
3965,-3.4651822217180372,0.8149898159158324,1.9200596076896894,-2.616231882643213
3966,-3.345162623590478,0.7936798293852401,1.866271831513639,-2.55714017482473
3967,-3.1318257759740957,0.7277095842718773,1.834189485844331,-2.3813644084654615
3968,-12.965748735607212,-13.856369891305437,-15.699778982994088,-10.621945336771468
3969,-13.10710292207499,-14.357211230488845,-16.039574150759393,-10.737310333620675
3970,-13.28279770050868,-14.855959319951321,-16.363690460882765,-10.852441352539596
3971,-13.349678121434048,-15.31275800042908,-16.69063817527299,-10.907886803333305
3972,-13.185551962415419,-15.685358178534843,-17.041662772041473,-10.855466302034344
3973,-13.030678117248504,-15.991247201149472,-17.417732074468898,-10.824049599806354
3974,-13.136354641967861,-16.268461009160575,-17.79249352224272,-10.940434310058288
3975,-13.31684582523963,-16.555895097400075,-18.14070855473077,-11.12957740855994
3976,-13.345464634042827,-16.87889121754602,-18.43872861749386,-11.277375814820816
3977,-13.313761285396186,-17.216184035529828,-18.680550826258692,-11.359542161599794
3978,-13.355596741903629,-17.525349699919694,-18.871932141729832,-11.377050381888075
3979,-13.535235587711554,-17.769821098685906,-19.02117173335258,-11.359201334058596
3980,-13.86128446415091,-17.927877611724433,-19.139026658625017,-11.346248477196157
3981,-14.082906983304593,-18.017829821633807,-19.232509398727178,-11.307851870397137
3982,-13.975216945313237,-18.079250766751997,-19.30815776098497,-11.211502127414406
3983,-13.790459421997218,-18.12978937795158,-19.38056208600622,-11.124287679597217
3984,-13.832173056619492,-18.19298422338925,-19.46044742588462,-11.11281929464449
3985,-13.996248784959077,-18.34122758689547,-19.545719097073263,-11.142280608175344
3986,-14.116410110853773,-18.62473129251248,-19.625298503811248,-11.164717087516788
3987,-14.190929195561093,-19.002436296480266,-19.69185450162995,-11.176945006538167
3988,-14.251480945976022,-19.401469470292064,-19.73696565766651,-11.189066728270635
3989,-14.439999338871456,-19.757901045659054,-19.765325626945014,-11.25011597022037
3990,-14.86387151171153,-20.023867572883,-19.800641630450812,-11.394006968127616
3991,-15.25877800350292,-20.20931808543292,-19.859812254033365,-11.530686197795424
3992,-15.350986185316492,-20.342182810402832,-19.93175754658692,-11.567603570454022
3993,-15.316670759459909,-20.40205877067921,-19.991749097631896,-11.548102168307429
3994,-15.388700526572427,-20.3713808555428,-20.020842204260827,-11.544952980235514
3995,-15.496853238044203,-20.28147264346617,-20.02701147135118,-11.583118044862857
3996,-15.527338411336208,-20.172804431814594,-20.03669882653138,-11.665096979222
3997,-15.436370360402847,-20.077456792954703,-20.050160290755937,-11.744370116634748
3998,-15.208261029490448,-20.010926713176186,-20.03654688787078,-11.762074442007304
3999,-15.00468871391366,-19.946017964205197,-19.963482221030706,-11.728721242992322
4000,-14.97236208191722,-19.83941622016829,-19.80962594363961,-11.668511059718965
4001,-14.888463776652976,-19.66788601626629,-19.565731741739178,-11.536463442343848
4002,-14.519149039885402,-19.42187106136906,-19.257533800731927,-11.299768373511014
4003,-14.05486592186063,-19.09566092052299,-18.932079370009536,-11.02960637936725
4004,-13.721448936249695,-18.70322048080194,-18.607173968189407,-10.79201310395526
4005,-13.437378906532121,-18.29636097998185,-18.264751627678166,-10.556473598227374
4006,-13.077131408255052,-17.923166632504145,-17.903078947132872,-10.268763770930947
4007,-12.56603486097181,-17.584055440976872,-17.548023181350427,-9.86183957443922
4008,-11.882049210122762,-17.260242249672366,-17.210295296815694,-9.303261638816611
4009,-11.283789731012508,-16.932873968949472,-16.87715192203109,-8.731052969332552
4010,-10.999355375787001,-16.58344729974482,-16.526549184102077,-8.282568433856696
4011,-10.741683813760565,-16.217822647792183,-16.151898904199818,-7.862356613405232
4012,-10.18011127099959,-15.842004674876765,-15.7431798016178,-7.345157767185617
4013,-9.43953467275007,-15.420086059406573,-15.292480884259462,-6.768497137144122
4014,-8.726614060901577,-14.918596271892264,-14.784780453692347,-6.2021114397169805
4015,-8.0929102789977,-14.35219450093902,-14.211306980798046,-5.690162604762671
4016,-7.544227098041985,-13.75187096787731,-13.586181274682037,-5.260327447472497
4017,-6.919464597745999,-13.137514843645206,-12.928365798487897,-4.847480615673083
4018,-6.071847749545825,-12.527394068436756,-12.256204338782439,-4.377690759529132
4019,-5.255504417603637,-11.944672912105741,-11.566747891980233,-3.9070836092408587
4020,-4.732399455303625,-11.392953233747493,-10.850467958000982,-3.506887235578747
4021,-4.295094626271416,-10.83599626404235,-10.105334749460257,-3.138715690026555
4022,-3.6858621337995823,-10.228294584399757,-9.335347758291029,-2.7572769751224717
4023,-2.9436297934740274,-9.539973799808026,-8.556405345511417,-2.382042965599338
4024,-2.1771361277709596,-8.76446202685509,-7.785415412406922,-2.0398029518669643
4025,-1.530689220698779,-7.932665966153957,-7.023811617210596,-1.765376700433688
4026,-1.1070457360534136,-7.096754664333102,-6.264065887601527,-1.571628278411656
4027,-0.6739776339168468,-6.3032021626466745,-5.498191806888269,-1.3559014468796822
4028,-0.019875879332502705,-5.633094117665966,-4.760597715429901,-1.02726883850127
4029,0.491507267918695,-5.173161885834231,-4.1372765751944405,-0.772152416120408
4030,0.4779107288791198,-4.97855881360722,-3.671840313327171,-0.7637893854079933
4031,0.2863838959842647,-4.903628432128459,-3.3221039735446953,-0.8972583130075853
4032,0.3883855976803454,-4.751390615756047,-3.027586247160728,-0.9960493028838697
4033,0.718656879892812,-4.45476713327513,-2.761135471722179,-1.009479483720728
4034,1.0682646844908326,-4.021034608179267,-2.5235802910122804,-0.936958034737425
4035,1.2795449900556406,-3.5225378554790887,-2.3260220756212924,-0.8749001455377323
4036,1.3446096048100424,-2.981045290488928,-1.831897975105733,-0.8682203484027137
4037,1.3635527067837614,-2.523513868556019,-1.3597008916212245,-0.8937277184638711
4038,1.6295456571279134,-2.139396482549757,-0.9078689137242646,-0.8001409477728341
4039,1.963980731415851,-1.7926745464899487,-0.4559230440945105,-0.6391144482953109
4040,2.101049144517799,-1.439167804466132,0.0038856041496611315,-0.5029943018255951
4041,2.152909259347289,-1.089775872175716,0.46617430996401965,-0.3782721161340689
4042,2.295665110294482,-0.7722340392783393,0.9185122992988426,-0.23779924534223476
4043,2.539437604324358,-0.4770766798470857,1.3573967542129886,-0.06875964978846161
4044,2.849523487847771,-0.18364102026271661,1.7860983358221232,0.13635702158944746
4045,3.0631260933825266,0.1356247784502984,2.216377205861758,0.3090504396248273
4046,3.028590777321087,0.5004639024406791,2.6603464860513424,0.37880797866781696
4047,2.9941981800239974,0.8757775642046759,3.1222348806387807,0.4181093169323086
4048,3.25365288066427,1.2124342097716132,3.594091376204006,0.5241562681691385
4049,3.6011713156819187,1.5082303689318,4.0436195239283315,0.6587839014683853
4050,3.73852004514005,1.7762997158821252,4.4366358137942346,0.756954375237496
4051,3.7200538917890085,2.0129806612784478,4.770070793817154,0.8311592392547111
4052,3.6890152823444278,2.213698552991578,5.056088955490225,0.9063187821456198
4053,3.7466011717909264,2.3844347774290897,5.317405861899619,1.0015567585771634
4054,3.9676602137158867,2.5279082052627264,5.574345465272206,1.1261866695636265
4055,4.180326016530893,2.6236006604140854,5.847651495288281,1.2100194794616326
4056,4.176869123281457,2.6594581902525656,6.1542960168342535,1.1786525602989193
4057,4.155600087522133,2.6679115531308355,6.479476963425647,1.0846763847936276
4058,4.364527645971048,2.692484800163962,6.7723086504821595,1.009339003086619
4059,4.61644073341036,2.7747883180054798,6.990766599979023,0.9442214929641968
4060,4.655150210388114,2.9300794360914946,7.128453558614242,0.8609892470210683
4061,4.491349624439242,3.0772331273867586,7.194360211171943,0.7525072283898057
4062,4.221494718139529,3.123277139620454,7.217292978185198,0.6175093314163058
4063,4.036846389078856,3.0880452632086532,7.227952551495921,0.5081749535267894
4064,4.104963880950129,3.031906377180189,7.249178711173788,0.4754309923660806
4065,4.179568125512707,2.9830250080643577,7.284329026793854,0.4453150223550498
4066,3.9529804518603875,2.9585732524151758,7.323607957374817,0.32854796859099383
4067,3.6203070130682997,2.953456230277718,7.357064606921641,0.17878406883305956
4068,3.475986063086011,2.9467160883035564,7.3738517123769265,0.07787832050085072
4069,3.4673933804903805,2.934135976014075,7.362923265913742,0.013547164380972226
4070,3.4636606836773773,2.9183884222246186,7.318767959302427,-0.04694428768901959
4071,3.391531429421673,2.897316842749721,7.243329119946553,-0.12180451872914147
4072,3.2026030057664294,2.870331386325917,7.1455455978129985,-0.22475030214722413
4073,3.0770193403120865,2.835640534055876,7.0411057441308476,-0.305021851233902
4074,3.214998950965919,2.7913449147518654,6.9458295254005655,-0.31023925719881706
4075,3.3870476839016423,2.742652918845453,6.8723248516197994,-0.3215673269510936
4076,3.309172412534158,2.6928894044641902,6.824933408525154,-0.43070770489495847
4077,3.1711954360030243,2.636554116821397,6.787172498785975,-0.5763693560877492
4078,3.2405314793291504,2.5620099019050215,6.745407706122056,-0.6611207561239945
4079,3.4701488824721385,2.447692481741216,6.694980553162385,-0.6512589365224981
4080,3.7304878934790113,2.281632788922674,6.656980430392748,-0.5428957583588271
4081,3.8670547953404943,2.0782314871653345,6.646199214144603,-0.40301276799128827
4082,3.760905168855242,1.8710865266353296,6.6726762726955995,-0.3090081379416687
4083,3.6619316820077636,1.7285782016947862,6.724566129118914,-0.193108636711935
4084,3.864323075972862,1.7044752308032276,6.778042849894204,0.03143922714171263
4085,4.144053998718523,1.7536474134292581,6.816073054579525,0.28061068671238193
4086,4.1784625265831785,1.8020662371243592,6.828514140426399,0.44121442764170765
4087,4.05342606614792,1.8314378636697908,6.794806438098649,0.5202174267763636
4088,3.941928107139297,1.8452952606252235,6.71166366255283,0.5546956987560389
4089,3.8748679009886695,1.8631322870799716,6.597304798665202,0.5714022315692315
4090,3.8469250163069746,1.9045147334253052,6.469075990126667,0.594133972909965
4091,3.7103425885419394,1.9298699815870328,6.346858499348697,0.5596751287270669
4092,3.314878984084948,1.8901094437285333,6.256859429751902,0.40641196928631895
4093,2.88062464121189,1.7931329442112396,6.207378993144128,0.2556594406941728
4094,2.679767636738046,1.6713941804386436,6.177826061559294,0.24826965702749867
4095,2.555032334347213,1.5644286723095175,6.1447298331067595,0.3289974542216614
4096,-11.758851954070646,-12.813584294480227,-13.068122419055575,-6.652257743529712
4097,-12.164411368032278,-13.195135651730979,-13.595699100796509,-6.989440349811922
4098,-12.593146637147049,-13.58742789366567,-14.098691517260354,-7.374266289166637
4099,-12.92047114841402,-13.997157093964951,-14.567231086266645,-7.766172040095185
4100,-13.057329436096223,-14.432660968339102,-15.004466429400697,-8.12086907684245
4101,-13.243033044594828,-14.898739636925203,-15.44621378075498,-8.491527349056435
4102,-13.709157792280147,-15.389209286120137,-15.920999067554378,-8.92634079311347
4103,-14.231547363687312,-15.897965403495462,-16.40284484505806,-9.325020838252827
4104,-14.53435626949219,-16.414041330190642,-16.84826242608706,-9.586917485593192
4105,-14.676443574345328,-16.904319377922494,-17.222427015938564,-9.752129537865168
4106,-14.779550612624153,-17.34335381529679,-17.508784408642484,-9.894550195627387
4107,-14.896167954781005,-17.750346913637156,-17.735065950079882,-10.068474758870028
4108,-15.059508591598899,-18.15225156927544,-17.946062398154552,-10.30714745569184
4109,-15.135718565532125,-18.54807413184232,-18.171496912080148,-10.542568400059064
4110,-15.007630822134871,-18.928160308965786,-18.424645794748912,-10.701051819679554
4111,-14.9232692224744,-19.282097409485143,-18.691966697652823,-10.857300729255662
4112,-15.130751883603049,-19.599852919213124,-18.94677477573631,-11.092257293819365
4113,-15.449177987059585,-19.883695455646567,-19.171753898609452,-11.349225167826162
4114,-15.641877307276065,-20.1395588714591,-19.35706682612824,-11.54506840791269
4115,-15.726352551613001,-20.368280154931362,-19.499851979286895,-11.634785791087326
4116,-15.77442221534446,-20.565115335001874,-19.60535605003311,-11.597689734537562
4117,-15.878555326485392,-20.712613009307418,-19.683401117292174,-11.489323534439656
4118,-16.101543193861982,-20.79371106551632,-19.742684430962807,-11.38157270857858
4119,-16.24042762714187,-20.809570339586028,-19.78640536338038,-11.242977134860064
4120,-16.08709535659257,-20.768654001432218,-19.8122979048278,-11.038971115519155
4121,-15.807742126044246,-20.677610051678293,-19.81045397327094,-10.861713736252739
4122,-15.606702509465556,-20.544498275110502,-19.77030582003245,-10.791966896704965
4123,-15.385235674021796,-20.37361046280341,-19.693399385194525,-10.772947213203967
4124,-15.019101558597269,-20.169331815287993,-19.582934345410173,-10.71842544948744
4125,-14.5208412907961,-19.948218222337125,-19.43073278541422,-10.572975433978726
4126,-13.948264262360606,-19.721495999559362,-19.232801643866107,-10.311127211163967
4127,-13.501673371908462,-19.477026801497992,-18.997544782939595,-10.005800508430996
4128,-13.33614716207374,-19.196536123479778,-18.742006892335162,-9.744182847944193
4129,-13.194154948123554,-18.864750245013116,-18.500764997745055,-9.482825313981818
4130,-12.792716027501521,-18.476122919334916,-18.29957130227805,-9.168483327404818
4131,-12.299106086200304,-18.053390056532255,-18.120564258489054,-8.8808687176834
4132,-11.93649103006922,-17.62333045868822,-17.931936924242322,-8.699857802173142
4133,-11.641789958741493,-17.190125007664847,-17.71644705608975,-8.593619318151022
4134,-11.312794682570122,-16.75210592275804,-17.46515282617109,-8.511558760008512
4135,-10.878618564010935,-16.301017268995544,-17.17984673805671,-8.422156414828553
4136,-10.304388042984474,-15.839250871921488,-16.871139654496393,-8.312382276604358
4137,-9.8223750419201,-15.419120522534996,-16.54970148148002,-8.261477702907579
4138,-9.633905575725638,-15.086826671569407,-16.22244758684172,-8.339577156020027
4139,-9.43582360814504,-14.82379956412282,-15.89037264232298,-8.446753769805158
4140,-8.9036181560249,-14.582539459838976,-15.548834184117862,-8.468141198814973
4141,-8.208769987427425,-14.307614745605948,-15.18720728572738,-8.441311655618373
4142,-7.609267126055385,-13.955829933368763,-14.79990059333598,-8.428279348205029
4143,-7.172791596601313,-13.52677885104813,-14.394720808192712,-8.431257291517209
4144,-6.896685201791533,-13.049720176134016,-13.988080211411475,-8.43961072262203
4145,-6.5963119064831,-12.582699368437607,-13.607424366553008,-8.394377436688094
4146,-6.090322784200425,-12.169188219408687,-13.26938539841239,-8.248810856523448
4147,-5.591995128801181,-11.77071400280231,-12.952154432092128,-8.110426078402542
4148,-5.3407104248701485,-11.338367491439639,-12.617325912456424,-8.079897804608581
4149,-5.148267472302377,-10.835207144273314,-12.233013213838914,-8.05224179919611
4150,-4.784935143595551,-10.278161311277419,-11.774187027519963,-7.895375229490345
4151,-4.31344438030881,-9.668458826441599,-11.225719571329599,-7.6058894847303895
4152,-3.83991119717301,-9.015136825873373,-10.590443924051993,-7.221605078146244
4153,-3.4176111148274675,-8.31392235701557,-9.895234888131826,-6.797514428232355
4154,-3.068753159782405,-7.560222004495178,-9.171401447711236,-6.392240230095967
4155,-2.614804668692479,-6.772033645148334,-8.43430759888276,-5.990735948529106
4156,-1.9168605928115752,-5.986880816365936,-7.703873557775328,-5.588263132384669
4157,-1.3496774710014614,-5.2497736828044035,-7.013433215553646,-5.264986077900078
4158,-1.2645994333462975,-4.579174622375321,-6.392355671919323,-5.097013569515812
4159,-1.2890980069512679,-3.9526582187140256,-5.834040259259672,-4.957300599280384
4160,-0.9421942753907321,-3.3747633880575396,-5.311891460227279,-4.68982471315096
4161,-0.35652903094074867,-2.85666078230424,-4.805426660560523,-4.334710476490504
4162,0.19339499430206034,-2.412587888428861,-4.300638857174339,-3.9793091265795035
4163,0.6156552390837475,-2.016277100663465,-3.794877018138784,-3.6437412302761327
4164,0.8200033266074458,-1.6562597112024628,-3.244944055022041,-3.319049796084135
4165,1.0404852765346444,-1.2951774738731774,-2.7173882424869538,-2.9733069457922436
4166,1.5022177608077714,-0.9377486745290197,-2.2232594335276588,-2.5448118103266784
4167,1.9745836219012152,-0.5808939317592029,-1.7788415949944378,-2.141542742679599
4168,2.1514582815851826,-0.23188068847007481,-1.3932514265653109,-1.8925666454113244
4169,2.1591378745902894,0.06833303131851454,-1.0528828519648281,-1.7479471571139364
4170,2.212433390889167,0.2958378354980925,-0.7379631662916005,-1.6148127196566482
4171,2.3085924633254553,0.4387982243795418,-0.4402888290874513,-1.48802734031316
4172,2.3960903843699337,0.5346753030852572,-0.16045904778419753,-1.3796453450337904
4173,2.364268138518387,0.6445131591994535,0.09040002516378778,-1.3080906056278472
4174,2.1124464435620802,0.7819160135767188,0.29835121686916366,-1.2923664176866332
4175,1.864228553391467,0.9333542393235021,0.4573123692767853,-1.2616474451288817
4176,1.8701155171595134,1.064207877797979,0.5711592433281539,-1.1450034190403149
4177,1.899017469190498,1.1599130727968592,0.6632228915886283,-1.0309512488445687
4178,1.649521282854027,1.2213071065023389,0.7600685529260106,-1.030036395255001
4179,1.2402189205449543,1.2644870640655703,0.8618120079257514,-1.1160269836386099
4180,0.8885624844234024,1.3122921704416681,0.9614914715913604,-1.2189726860440213
4181,0.6927743367744253,1.3748653641207533,1.0702362782465935,-1.27239848988938
4182,0.6889682639704806,1.4531089078297454,1.1998448640494876,-1.2257185655241993
4183,0.6657667378952563,1.5411206901855827,1.3534364593567858,-1.1524984853478564
4184,0.3824436376604213,1.6322108931312551,1.5282102909835416,-1.1495806253570022
4185,0.04796104392874855,1.730776474839078,1.7024370081220332,-1.1431073186555507
4186,-0.05092674166128276,1.8452777178512942,1.8568580165630175,-1.0343063268146728
4187,-0.07579389637230274,1.9857140430514322,2.007736436415392,-0.8896589464600742
4188,-0.26048837340663805,2.1544233692867447,2.1817490199189997,-0.8026965413528889
4189,-0.5467160298250331,2.323360881931679,2.393641218654959,-0.7705322891447878
4190,-0.8115509241783558,2.4595165224780797,2.643650976593043,-0.7629512385462894
4191,-0.931701063339078,2.5611226287892332,2.899199003037848,-0.7293015983142298
4192,-0.8198035500903893,2.6390721326753295,3.1168974389949162,-0.6223388977781814
4193,-0.7091009614487774,2.7004843442686925,3.2805492774983165,-0.505181042836163
4194,-0.8652195480148719,2.753723940769943,3.389276020120837,-0.45698448163952504
4195,-1.0725520139449631,2.7991184267694145,3.441287297404451,-0.4157018119258356
4196,-1.0294118660357452,2.8353989478930086,3.446270011811678,-0.29549409559296347
4197,-0.8345095190336048,2.8802684853217535,3.4328633618352344,-0.11741763303381064
4198,-0.6719230852026119,2.949683344709476,3.4312754444283704,0.06811964918747722
4199,-0.5889040334459265,3.0306523053710626,3.459471909475195,0.22152384060522648
4200,-0.5885712074664162,3.0996248813414815,3.521039554368114,0.30976434281540666
4201,-0.4877717049784792,3.1407869299654365,3.5989494020877397,0.3701077033744067
4202,-0.10852647762246984,3.1425744966072653,3.6644829535473495,0.45124137532273356
4203,0.26331598555323404,3.098097275187263,3.6945475874376306,0.48890119254307685
4204,0.2780199601936594,3.0086367167348027,3.672063141140227,0.4068793473797062
4205,0.10004417152089491,2.887093111343553,3.581256739950641,0.2544858291268979
4206,0.002095335021883117,2.747871284765872,3.4204702027070737,0.10597754150832614
4207,-0.0430905016888426,2.5885597718476494,3.2162609654798753,-0.03574001107691092
4208,-0.12973779016324027,2.4032953679266336,3.0043635630323906,-0.18289981147426404
4209,-0.36083985300449134,2.206423528878588,2.810535012832133,-0.3565449275467827
4210,-0.8115840372559742,2.0142620210552264,2.6495132057499022,-0.5717595109414056
4211,-1.2355323869554966,1.8148518877647004,2.516977812954102,-0.740840154912978
4212,-1.35036114918172,1.5931424783097048,2.400564982687684,-0.7760050861725245
4213,-1.3440724755664217,1.3731701994041219,2.298041875610019,-0.77245380068288
4214,-1.4964828131864167,1.1666383407720615,2.2121459055125605,-0.8541745102555162
4215,-1.7054928824234636,0.9759942264780592,2.150810245801474,-0.9781718850013013
4216,-1.7998717731708973,0.7640437464709672,2.1189962592281915,-1.0598009984456838
4217,-1.7896286801049186,0.5164219169427098,2.1016948429480267,-1.0795531885643332
4218,-1.7229329535609643,0.27423866642629713,2.0801222629906357,-1.0344418184501951
4219,-1.7268988295439103,0.04825806861548002,2.0430529540972215,-0.957716561453569
4220,-1.9119214282574564,-0.14742545560788028,1.9915749334765624,-0.893109782510278
4221,-2.048815529487534,-0.300592728968354,1.9626529030171203,-0.7860940394059972
4222,-1.8760601265499415,-0.40947460692432214,1.9916533578725228,-0.5782104289910357
4223,-1.5846392872747483,-0.47260167459680136,2.0602453337784263,-0.36315414484243547
4224,-10.73910066175604,-13.444674179852468,-12.922342227114232,-8.608881626539539
4225,-11.162541740929628,-13.812433897783363,-13.18779165188813,-8.726760707895611
4226,-11.559770629582529,-14.195072728470855,-13.45479519888412,-8.88992126709695
4227,-11.795790282840649,-14.605524442353673,-13.777870655140477,-9.049157947751993
4228,-11.790842906523702,-15.041300513914504,-14.166710429601418,-9.149503729978422
4229,-11.789928964454862,-15.47219100986083,-14.575876747910755,-9.240133624964859
4230,-12.046208983247935,-15.858639257622281,-14.947659961623176,-9.374507503658254
4231,-12.355047986929918,-16.16738588041911,-15.257555354580761,-9.466357371530925
4232,-12.46203625375889,-16.38927346399818,-15.516564206291973,-9.439732372231726
4233,-12.473729484372045,-16.57546011588212,-15.741671063812452,-9.378167358682017
4234,-12.545397083783405,-16.771824076961174,-15.939448811253657,-9.383927857847421
4235,-12.704434825062474,-16.99991594920183,-16.11103133856625,-9.494503207771194
4236,-12.93894177936201,-17.230401903994245,-16.26672028419051,-9.701232700676524
4237,-13.084235684140552,-17.39540276780527,-16.413176905424066,-9.874012190069303
4238,-13.001096765049606,-17.479094837364308,-16.560303562223588,-9.895028184669716
4239,-12.93169378947724,-17.5068796315196,-16.717677769126368,-9.868028914351202
4240,-13.135907796172612,-17.527685336526005,-16.89288584270928,-9.933554663437548
4241,-13.443370915563191,-17.55842425775871,-17.09380024217819,-10.075566639699323
4242,-13.633478063632738,-17.605391938293234,-17.319636448954817,-10.242887043182611
4243,-13.776330786391906,-17.680557476852993,-17.551039809156695,-10.414262392678872
4244,-13.976132183978498,-17.785747447407633,-17.76249110796302,-10.56756623994568
4245,-14.26090840598081,-17.911569729500826,-17.935505770795043,-10.728855545623315
4246,-14.626140610712122,-18.039562319031745,-18.06177120675092,-10.924311200837128
4247,-14.884948933492831,-18.13911924875792,-18.14160804407352,-11.071273537984972
4248,-14.878048689533376,-18.18288004069873,-18.192244064707417,-11.09616854614082
4249,-14.84708410157667,-18.155826019159186,-18.260474711168985,-11.074777633555174
4250,-15.05144697650775,-18.064083782307705,-18.38881604189185,-11.103743376877208
4251,-15.324291075375724,-17.951641857281913,-18.58023436914964,-11.187719412285604
4252,-15.449228302518069,-17.86642013722241,-18.813690103043395,-11.30531989134241
4253,-15.45319486017174,-17.823970272460816,-19.05689008086011,-11.429728633190757
4254,-15.422045653927213,-17.818621282058775,-19.272763838153107,-11.528188291901829
4255,-15.511735476315252,-17.82555024749853,-19.432724106859506,-11.617840223957666
4256,-15.835157024231462,-17.814206816085694,-19.52470887959871,-11.716558204245628
4257,-16.1387642210419,-17.776488337157343,-19.55800927190219,-11.74970982556452
4258,-16.152199743861217,-17.71222714364458,-19.55425794815027,-11.650477311769174
4259,-16.06327603768594,-17.60933367068389,-19.536508180632296,-11.481435128838054
4260,-16.10564850798591,-17.45937927412944,-19.521467298591315,-11.315737913511326
4261,-16.163325959841092,-17.268636633748986,-19.51188319597934,-11.128349778157894
4262,-16.07821838189521,-17.04577331374991,-19.49765062177767,-10.878779308287296
4263,-15.808055730595536,-16.794593847017527,-19.457532812876316,-10.543330336648914
4264,-15.358405613180919,-16.516017622403748,-19.370329954096597,-10.116346116720463
4265,-14.930508793632113,-16.205691089161558,-19.22721128933263,-9.686257761747521
4266,-14.699997052071343,-15.855973433059518,-19.029507291890926,-9.330566880991437
4267,-14.407054859751414,-15.465698671965628,-18.78871751932229,-8.952323330173662
4268,-13.776516007529803,-15.034634066580672,-18.51871958994596,-8.441783412406421
4269,-13.00932217926984,-14.548384437573267,-18.222822996395898,-7.847535011533561
4270,-12.368871259709314,-14.004306511195024,-17.90102970583356,-7.25120729559844
4271,-11.846541475745717,-13.440526519219045,-17.556717543199284,-6.683345769959135
4272,-11.366533640890365,-12.902499520983227,-17.193030312947748,-6.1618210753949905
4273,-10.807446932818012,-12.416280834665946,-16.814993839722096,-5.658137373948797
4274,-10.061362946619955,-11.9898095117203,-16.42359300828244,-5.13294503239767
4275,-9.291738845658177,-11.600983581579904,-16.009921250863258,-4.650011054939169
4276,-8.674969407511838,-11.217605554667738,-15.558707640558112,-4.257801807699757
4277,-8.010143163747754,-10.829631391592613,-15.073484076562803,-3.811442787882726
4278,-7.086832318356843,-10.436343584534677,-14.558869281141737,-3.1734025918407207
4279,-6.0705317737247695,-10.02861855126602,-14.02986993542333,-2.431209189470794
4280,-5.163132340944058,-9.604797042371597,-13.52910792097916,-1.7065014724832652
4281,-4.367033110032823,-9.186544147123822,-13.091955654557955,-1.0082593705426142
4282,-3.621540752005275,-8.789937745903494,-12.69426104796714,-0.3085342813723852
4283,-2.7480151815580074,-8.39903645210041,-12.2722894446718,0.47219536252588384
4284,-1.7081289717288444,-8.026970578013133,-11.827466206006221,1.3263538379933202
4285,-0.8395140380373857,-7.730761063335418,-11.445340662533367,2.1155710272489068
4286,-0.5210283280239413,-7.524240913494841,-11.170043947200293,2.658086136984978
4287,-0.31566898122931664,-7.380977241459901,-10.983880921356144,3.084654077373023
4288,0.3282168422299695,-7.273763724260432,-10.858660563244925,3.605241907657733
4289,1.1939724153915254,-7.144130398229226,-10.772701074620555,4.224309090462372
4290,1.9134131881512206,-6.950097721536512,-10.71097737931219,4.870633648588795
4291,2.4723936182996447,-6.683238441666226,-10.652330438795325,5.48045170602158
4292,1.6770391604470816,-6.129313326923603,-10.100831104910137,4.620848511293845
4293,1.0412548538839121,-5.541511488391294,-9.573212488946508,3.778444534943107
4294,0.735521485139277,-4.939054568795452,-9.062228958006957,2.9825684473729766
4295,0.49464008357508205,-4.338136540585331,-8.53469815785776,2.168210577978189
4296,-0.008178853158188892,-3.7517428443428096,-7.965014107439086,1.2704202367669553
4297,-0.6238168845777369,-3.2010535047905035,-7.363389875514357,0.36644039202186673
4298,-1.0979788719441148,-2.685100973299256,-6.76584070188935,-0.4419307496886593
4299,-1.4232349317438056,-2.189948159060734,-6.19292984970737,-1.147926641079538
4300,-1.6653958313634496,-1.6732340337237346,-5.639335894486322,-1.7793604591669567
4301,-1.9776523370312082,-1.1216529595225475,-5.0943356024014355,-2.3951324844233186
4302,-2.508127928470853,-0.5706986727770333,-4.552332939327922,-3.050141220065242
4303,-3.057010437099709,-0.0574765438226017,-3.998804386168636,-3.6636072309715084
4304,-3.368417568924573,0.41986976177818913,-3.4226211942564504,-4.139629655013585
4305,-3.616819901064241,0.8612269649417961,-2.81174648407679,-4.572524186060968
4306,-4.049755203074809,1.2804341102971768,-2.160922215389863,-5.0888316602273695
4307,-4.562195775284283,1.6762535054028604,-1.4851054086042241,-5.654447635804999
4308,-4.992899844235087,2.047133771826135,-0.8066166705556527,-6.200875805245958
4309,-5.346386976830008,2.4216406714786305,-0.1395013096072735,-6.7254265630600525
4310,-5.672938752020088,2.8267548736236896,0.506508891484693,-7.235527796970455
4311,-6.138869450365321,3.254198484165541,1.125163157341443,-7.772626606404971
4312,-6.892280376908572,3.6768430324660644,1.7120777072371078,-8.373799565428305
4313,-7.687720339785037,4.059559054548529,2.260848003660932,-8.929372893505606
4314,-8.229065279962406,4.367845049114384,2.7638043419012948,-9.329559733045425
4315,-8.70233830950069,4.585293635313756,3.20729928546125,-9.692403825863385
4316,-9.379620737575012,4.717465839227044,3.584452194766692,-10.178820638143502
4317,-10.182772981427892,4.788689347046341,3.9149579693140053,-10.797032969266544
4318,-10.951494096945888,4.835165277511819,4.226939068534242,-11.495545720278052
4319,-11.579502408140897,4.902714511416118,4.537273742800095,-12.180404144601498
4320,-11.99909193241744,5.02048848141769,4.8516651710591585,-12.761007867817671
4321,-12.40226400213605,5.169061842864503,5.160660881907564,-13.30988733805908
4322,-13.014037692223072,5.3067885057207596,5.445382548371445,-13.939136342066988
4323,-13.636210842551048,5.392032650537607,5.684889389812958,-14.600829600793013
4324,-14.003482400518674,5.400623299878473,5.867005505279053,-15.21100155299676
4325,-14.262134042374639,5.364714420820605,6.006322798751134,-15.780986607643063
4326,-14.6328203577072,5.337891461638747,6.124383429200224,-16.33286393946666
4327,-15.099366683265256,5.341611374246522,6.2512454556053125,-16.85649844548392
4328,-15.5877829280271,5.379907453291529,6.399230147040953,-17.337065888128052
4329,-15.989085598573515,5.454648968892019,6.569049669169685,-17.718969413392248
4330,-16.20621293290078,5.556476647523306,6.768932687977721,-17.954696388630083
4331,-16.421958935453315,5.657921371523455,7.003580314672451,-18.122178846669932
4332,-16.843008118785313,5.7396388752881595,7.259353348982877,-18.31664076229419
4333,-17.260367759029936,5.819531732730644,7.512196085647934,-18.49091219558574
4334,-17.399725631050636,5.924567677055995,7.753974803194598,-18.571020022937564
4335,-17.32532505765855,6.075422209465594,7.988765479086429,-18.578759184145117
4336,-17.196549760298563,6.271666255096311,8.226856628191566,-18.559506015234337
4337,-17.134828613885354,6.441221476590645,8.466002160708596,-18.55364079249678
4338,-17.229405707840424,6.508620657642178,8.69787475608072,-18.594557157782138
4339,-17.313466144591466,6.49331408998302,8.90642412888781,-18.633248299097787
4340,-17.18258529796211,6.451077219539509,9.08149302483683,-18.611185090986233
4341,-17.054799458207818,6.424624641974068,9.22289579132845,-18.601851480626724
4342,-17.198307121409545,6.442525802295687,9.342953121365248,-18.693157236539008
4343,-17.41141532204239,6.474665479267582,9.437806684184963,-18.8387049082002
4344,-17.42033049125842,6.475867362268508,9.480484096553463,-18.959149900436124
4345,-17.27264535588949,6.4622149159357996,9.463927401156777,-19.024397765193086
4346,-17.102441969283426,6.469906091947839,9.430116489453779,-19.02530979962748
4347,-17.057105956143968,6.518249726042468,9.439072836654363,-19.006529590940197
4348,-17.24853144072454,6.612596101720649,9.512094265336343,-19.027111628680256
4349,-17.452243033524994,6.728403713540065,9.613275671791255,-19.042812373049937
4350,-17.39401821936707,6.82619516099096,9.686314864290825,-18.99658931406655
4351,-17.251340481229146,6.866450212641009,9.701100572128114,-18.973651385273538
4352,-16.101742936915162,-12.561946681207933,-8.167110875025847,-10.896960909978347
4353,-15.670775076787647,-13.095832333918805,-8.566328927317437,-10.015552464910927
4354,-15.104740975941903,-13.62674974838654,-8.970051598423026,-9.097339263961342
4355,-14.32272280586752,-14.15054349931267,-9.392607553915163,-8.167019087003466
4356,-13.308135889584776,-14.671258410733946,-9.844370113218861,-7.256059558361725
4357,-12.296746455079543,-15.172607790934599,-10.304657108529648,-6.4010101944062265
4358,-11.51347597112426,-15.642534039002959,-10.75291446350366,-5.620891755099803
4359,-10.716454212119434,-16.0918699097162,-11.209713014030402,-4.833253057701
4360,-9.631309686115761,-16.532183775893067,-11.700607777705558,-3.963194563963553
4361,-8.449162594961129,-16.96125501730978,-12.225356848427918,-3.0889916131484485
4362,-7.41538735293683,-17.37322105429611,-12.772664006448508,-2.3011944302628966
4363,-6.502098908899741,-17.75567144666003,-13.320954650211416,-1.5832839566799604
4364,-5.629638002741017,-18.10017973741276,-13.84586196715263,-0.8773770973497116
4365,-4.704735138271287,-18.42795514812769,-14.341000367659813,-0.07761122712601201
4366,-3.6528323862179573,-18.755652256107872,-14.805297182071472,0.9024968383192788
4367,-2.658481185889479,-19.06049342621184,-15.225301510821744,1.9799265477157917
4368,-1.8942157662663148,-19.31110306069925,-15.590447738129338,3.0414518817912977
4369,-1.1032931483134623,-19.475247346431953,-15.906272209350227,4.134308784739609
4370,-0.01722391568914068,-19.541538098958917,-16.182700594621597,5.311223556041048
4371,1.210775783680142,-19.57779953613975,-16.42674157055414,6.47777632948596
4372,2.3568683796395784,-19.654368084565526,-16.64744719510865,7.536813649574551
4373,3.352454369541985,-19.742180982599987,-16.853053265262943,8.486998650545221
4374,4.197134522635158,-19.797811930998197,-17.05509877430602,9.356434775846187
4375,5.078123492488421,-19.838601990111478,-17.278630217391964,10.210149447909714
4376,6.178529835679706,-19.89501768800562,-17.543503126742607,11.102786346651003
4377,7.3036196121037955,-19.999877201932968,-17.847695223079977,11.949113865543534
4378,8.224656666882545,-20.171015918280084,-18.17456689047625,12.667061894738534
4379,9.09358289099158,-20.36487737643247,-18.492214365199082,13.364326521120569
4380,10.09321811210999,-20.52247667341544,-18.76976474951985,14.16389116745901
4381,11.150645804325201,-20.61487998471456,-19.00289945865427,15.056164926203527
4382,12.155351955984028,-20.635453682488617,-19.19759365851858,15.98465174400075
4383,13.011114363891858,-20.616305823701484,-19.34967866769817,16.853768895315593
4384,13.668730037467105,-20.592577223107483,-19.455489402874406,17.581610485759423
4385,14.363308575993953,-20.54894625554957,-19.52290064760692,18.233044128994912
4386,15.311966273706046,-20.45897049780606,-19.5568109495015,18.898045136147367
4387,16.25906827693327,-20.31096938496978,-19.54192664951744,19.53538933086173
4388,16.91304460260728,-20.110645720949382,-19.467364264655416,20.086641610481085
4389,17.401879044005728,-19.913830983815647,-19.35312942472525,20.56711829198772
4390,17.92185533652259,-19.773587400551627,-19.227204300204466,21.00114989909642
4391,18.518859256400372,-19.67006612528753,-19.105385641850557,21.411126229290264
4392,19.18803671615172,-19.55840428242433,-18.998144356432654,21.81156372391935
4393,19.7508810323985,-19.41034186150175,-18.91159429331461,22.146840418823167
4394,20.044092524428827,-19.202431064612828,-18.844740598861232,22.362950525527452
4395,20.319675805847687,-18.929654725824317,-18.790972324800634,22.525872304617785
4396,20.83925418190881,-18.600686869970193,-18.742948679462497,22.708985066552525
4397,21.362949319615435,-18.20280945484787,-18.696027594316,22.856662602909406
4398,21.617012681117078,-17.737804813250335,-18.64648052565289,22.91626708903067
4399,21.70910337585753,-17.275212881675582,-18.593255876602512,22.94875354522619
4400,21.81949601726187,-16.877200289295185,-18.531137958600123,23.03307882162114
4401,22.086095569728602,-16.527015164738067,-18.438868059453586,23.24088378364274
4402,22.58449946852536,-16.175901156801526,-18.29366417299712,23.599214996285593
4403,23.0579183632618,-15.766804856585042,-18.089826333425062,23.96474682211151
4404,23.249338397349927,-15.252364935868895,-17.827643475867514,24.188778211597544
4405,23.42149297916931,-14.646625394565698,-17.501032409940073,24.342156019746348
4406,23.88082953064862,-13.985519198095627,-17.111522359204226,24.535076681575823
4407,24.466522362205684,-13.263361256596992,-16.674033974142176,24.74458465322698
4408,24.964933872702726,-12.477260160858687,-16.205527053479102,24.934172730275677
4409,25.38831813126683,-11.672713953397247,-15.734187718573382,25.099486160498998
4410,25.802521439959644,-10.888436281258064,-15.270487738242863,25.249060047960256
4411,26.397528587705345,-10.117025961159161,-14.754988185800594,25.478650468299083
4412,27.04764440991076,-9.37668040315646,-14.111410189024053,25.62311673720886
4413,27.152343027863868,-8.669786931566373,-13.349863198814852,25.33952581456963
4414,26.03112259326742,-8.017912436219168,-12.501353203873595,24.191166979858657
4415,24.247702676617166,-7.369930093964124,-11.615085740468055,22.4438070811386
4416,22.662122073094274,-6.660444046970186,-10.747658118992232,20.588258882712147
4417,21.186859118285444,-5.9184865419467085,-9.918899830511602,18.66853679464658
4418,19.511713099049082,-5.206213612908194,-9.130021739683748,16.61346312449478
4419,17.68083589677895,-4.561243946215429,-8.386631922374379,14.490526061019924
4420,15.575259340755135,-3.958420432085002,-7.626188237543188,12.298252576493582
4421,13.551915695463988,-3.418149232054797,-6.911352397750293,10.139289821839535
4422,11.782885439777528,-2.8866388318746563,-6.240271968230575,8.08153187622208
4423,10.018660979950926,-2.3198512548265247,-5.612470404069548,6.071633592886979
4424,7.95948938918138,-1.694083380063515,-5.024734287875507,4.0437068072434945
4425,5.82312796211296,-1.0270717409461079,-4.454286905122586,2.092478499369748
4426,3.9270262910783593,-0.36496602433905956,-3.8786826174293925,0.3265693116891221
4427,2.2335274253393655,0.23970305690287314,-3.3000444143349283,-1.3120994017913177
4428,0.6229383752958635,0.7438990973421576,-2.7329688687341696,-2.914852470994058
4429,-0.9658227945161545,1.140923509361378,-2.1988117023043547,-4.480062484527246
4430,-2.57038730015842,1.4477794558780575,-1.7157028036779935,-5.9832763329925855
4431,-4.007724954352009,1.6810312138663772,-1.2779818143294173,-7.3933668036542555
4432,-5.080220728583788,1.85903876644888,-0.8699017345407313,-8.680969140823292
4433,-6.002687857550122,2.004668478403308,-0.4783436920555712,-9.902068725666709
4434,-7.055725917647162,2.1354815151148454,-0.09637612808791945,-11.115868012711543
4435,-8.121674918267995,2.245392610976994,0.2562104758729482,-12.253369723464564
4436,-9.002450710074685,2.328559177617864,0.5591805270462593,-13.219515201743164
4437,-9.702340114314412,2.424066597100007,0.8334217554518084,-13.986515756887284
4438,-10.277672929596255,2.5724164010921533,1.111295970862647,-14.567436427341205
4439,-10.858613055142895,2.756192308442189,1.409983263646979,-15.05703263862154
4440,-11.564303051117491,2.941961671702438,1.7333106845864101,-15.560684209053827
4441,-12.18711512369475,3.1222645628283443,2.0560280551566983,-16.030313938163147
4442,-12.482359989056485,3.298320499302311,2.3462483139239043,-16.383306560101193
4443,-12.647890671406671,3.474973302343706,2.6001191236831707,-16.689203175137372
4444,-12.95789555873155,3.660530243196511,2.8291333984210154,-17.029719057659666
4445,-13.328613815652702,3.8574254313020644,3.056242668972992,-17.343771520173515
4446,-13.602849122882999,4.059879493182868,3.302460983195729,-17.546368887474458
4447,-13.751449693558197,4.249791231035657,3.5514743082265245,-17.61396790492221
4448,-13.786307132524952,4.410007493177631,3.7769837207710917,-17.554635378946585
4449,-13.86728843309923,4.538708253511518,3.9848038240493033,-17.446166425958186
4450,-14.157053593720288,4.64421179887255,4.189794438318467,-17.374032052528303
4451,-14.458755227297303,4.752088930463565,4.391645086426638,-17.298526935228388
4452,-14.521576756588017,4.880947673446264,4.588869302753247,-17.146011213420028
4453,-14.49200451289545,5.000310434156036,4.790010833072393,-16.932880883306336
4454,-14.58725561198781,5.06918364160563,5.000310516758074,-16.69396737476516
4455,-14.760201003375874,5.076055273097517,5.207855234463026,-16.427211845675508
4456,-14.902876633692761,5.0309247455527935,5.400053993261594,-16.129234823226263
4457,-14.916611562939217,4.979103085465402,5.578660683992393,-15.785635553390495
4458,-14.732705499612829,4.968138988320251,5.751515254124685,-15.38723681800711
4459,-14.547121614606459,4.991020419776886,5.933805782876881,-14.99917079691596
4460,-14.582225163376481,5.016718542213929,6.1333388158391084,-14.687624142887715
4461,-14.653160430928509,5.0202868659907205,6.324225817930015,-14.404099211099819
4462,-14.502111662617123,4.984789907396464,6.46903443777312,-14.07681190536157
4463,-14.215969738588738,4.923106446398686,6.544436094281767,-13.710574586860194
4464,-13.953301025872715,4.858271273533014,6.5405798445367305,-13.333719841566849
4465,-13.739628418080086,4.796243975243472,6.468262696738298,-12.984058760666896
4466,-13.561299849105492,4.729443902145343,6.352196089853147,-12.693174270188631
4467,-13.270679773842858,4.623564872712346,6.213123812797557,-12.401624667508244
4468,-12.720768620164769,4.4483647636236885,6.067738801658828,-12.037586582388219
4469,-12.132090123870919,4.2277523809292274,5.93421320751638,-11.660959842292002
4470,-11.768825364439998,4.0072242754957035,5.8202318533302035,-11.353294694266044
4471,-11.432406604352842,3.8227290910073237,5.706623842982518,-11.06734016107203
4472,-10.85516400759853,3.6971142491713773,5.570157254556349,-10.735313751135934
4473,-10.141809222254262,3.6136151943611896,5.409986191793258,-10.38787519660066
4474,-9.48131615992949,3.539522780639272,5.235515635081327,-10.065535576544757
4475,-8.979570048814766,3.4730575315684504,5.063402612354117,-9.748760556409211
4476,-8.688840494542804,3.4208416853851022,4.908744942108711,-9.406814753081417
4477,-8.393117809644837,3.3683267729811117,4.755139420153709,-8.998033334008392
4478,-7.84890417450818,3.3028791625815903,4.583132304228111,-8.49301367931661
4479,-7.27937119122898,3.2345981949935303,4.414523917065569,-7.968459236199604
4480,-7.22515843985474,-9.84254257489674,-12.897223652527394,-5.018690440863687
4481,-7.587090425234483,-10.169066766331932,-13.195480409215206,-5.146295257870842
4482,-7.806876328803803,-10.49914066837873,-13.481759502182207,-5.266460529356603
4483,-7.8893844450668835,-10.835658205681296,-13.751733495594278,-5.327389355161368
4484,-7.8821402249461245,-11.173001035897718,-14.001702489066187,-5.296691149923137
4485,-7.968228028622102,-11.468363694789176,-14.232186866398134,-5.258023909094512
4486,-8.288981625732792,-11.691792642987657,-14.443616222021976,-5.301733106729648
4487,-8.579169151248172,-11.898046723450339,-14.642666479398873,-5.370311272277442
4488,-8.561970556206067,-12.134971005480013,-14.831901902456488,-5.389585616115388
4489,-8.430141565764151,-12.43522087432935,-14.988950720363837,-5.4036251223717295
4490,-8.436681475666534,-12.750785443256841,-15.095358120165523,-5.461922286728684
4491,-8.557166015387986,-13.069394587063016,-15.169027783397226,-5.548963019625964
4492,-8.701661991515493,-13.377126484938927,-15.237791282879394,-5.634419457416205
4493,-8.729163364089311,-13.677580941401445,-15.319600426624625,-5.6505089515322515
4494,-8.535911588468084,-13.982538235240538,-15.425825495060483,-5.553505563466564
4495,-8.361486080275293,-14.290516690092938,-15.55174450252023,-5.460826965543761
4496,-8.45770509292702,-14.591824624891084,-15.688416133653186,-5.496234610455626
4497,-8.623383768519467,-14.86921007692908,-15.841872166330969,-5.5882276855811375
4498,-8.61215320492372,-15.110277467916545,-16.02061273836522,-5.641665391109068
4499,-8.541101365446133,-15.321345027814042,-16.22715920934584,-5.700761305643286
4500,-8.567871794583569,-15.521244693984661,-16.457595061485947,-5.82300426188923
4501,-8.689690828628645,-15.746307108242652,-16.69505578669843,-6.019416421840286
4502,-8.868064211080178,-16.022784027967774,-16.920619036417033,-6.282247798300039
4503,-8.963295984885082,-16.324288648519328,-17.1231153969459,-6.515330823110855
4504,-8.865662955362266,-16.6125689821256,-17.301347545533407,-6.6409772410918695
4505,-8.81063571793422,-16.88279120885019,-17.47227920162869,-6.793770521131529
4506,-9.03687119243385,-17.137357829011442,-17.65309857665004,-7.114063747891734
4507,-9.341220981247451,-17.37060738674651,-17.84072683056099,-7.508659728858008
4508,-9.479542324124395,-17.575897375034238,-18.02077014306234,-7.849886985627518
4509,-9.53584118425562,-17.740301134343344,-18.172700797541076,-8.131819834061064
4510,-9.648288051800535,-17.850664423299303,-18.278462654232737,-8.382083206646941
4511,-9.89422464677827,-17.90144270862901,-18.33363232608379,-8.66649886025423
4512,-10.298170040036364,-17.896159967846142,-18.34488204816173,-9.040325731463232
4513,-10.63149064975733,-17.85336345606694,-18.333040722991846,-9.411688981535251
4514,-10.671022803123531,-17.79225461598713,-18.314741342997664,-9.669247642858137
4515,-10.619959493998037,-17.716198450115048,-18.276073610234562,-9.857580625736066
4516,-10.724694794927077,-17.62016479971058,-18.195962511011526,-10.039661744232689
4517,-10.845180266187196,-17.49548516001289,-18.06878849195876,-10.157278548818155
4518,-10.81408638839391,-17.33570226634227,-17.89664077103419,-10.161344075563406
4519,-10.702661079049378,-17.146471566136825,-17.690693028009743,-10.097268959867478
4520,-10.62732451669044,-16.943894317382213,-17.46383473643865,-10.02590016560735
4521,-10.747595255783171,-16.74552776074609,-17.21460684187934,-10.030083460666313
4522,-11.163871619147896,-16.56826719123641,-16.934453636780667,-10.143570771242368
4523,-11.606097716978388,-16.441140727837155,-16.62074198353397,-10.189432018288903
4524,-11.79036590308093,-16.370949557678305,-16.268272771772857,-9.99035254931551
4525,-11.91307330847604,-16.292894288282987,-15.85612169617909,-9.619203829721762
4526,-12.214427479821952,-16.138157317133928,-15.372031519716037,-9.21505653923657
4527,-12.552716336927494,-15.902729280683394,-14.839256651108716,-8.841799377508814
4528,-12.738784596585926,-15.61110384001568,-14.289433589879206,-8.537890467822825
4529,-12.711132371150127,-15.297178317608209,-13.737746777096325,-8.266093533974798
4530,-12.473487331918838,-14.993270726877284,-13.190702600581576,-7.976164413592132
4531,-12.259777635577239,-14.697975489749952,-12.64521330224439,-7.753748145968569
4532,-12.288142375714973,-14.391987498539242,-12.090454464417759,-7.6833211343968735
4533,-12.321280501376304,-14.059296228596285,-11.523416312023247,-7.6828207305667515
4534,-12.08638335619292,-13.685868681618711,-10.940868068841924,-7.6475533324501725
4535,-11.769706916810039,-13.268271011396852,-10.321556746576308,-7.578456203483448
4536,-11.603051229729653,-12.810638643621607,-9.6615922757418,-7.49827394340071
4537,-11.523209344918522,-12.312814179308036,-8.974407694369114,-7.40366437891225
4538,-11.418720995477912,-11.779220095373429,-8.308819402814136,-7.303249514533596
4539,-11.197259987539658,-11.229329004265706,-7.698374183104009,-7.20970012018509
4540,-10.881510686875426,-10.70686879305466,-7.207198384792588,-7.183402956040422
4541,-10.763196254600954,-10.262468021615298,-6.908704060825917,-7.322206396624115
4542,-11.14389566961687,-9.945118914972888,-6.797373196897684,-7.703290823222458
4543,-11.563202347200328,-9.758270479264016,-6.792445433720065,-8.123258255799923
4544,-11.479974631319319,-9.669134421613531,-6.799970427092198,-8.334468159797114
4545,-11.218106109642493,-9.626881952838561,-6.753777371820229,-8.358838412225138
4546,-11.22684016935922,-9.58573509292148,-6.632170588060255,-8.305399579167245
4547,-11.379521040988182,-9.545850013556786,-6.451192150918221,-8.224880779615074
4548,-11.437371735983666,-9.31252150456571,-6.228411337606551,-8.216372573534489
4549,-11.230023418305363,-9.09154052164097,-5.995375168267124,-8.181158771958433
4550,-10.62412019981589,-8.85859956412564,-5.758060788133587,-8.056599356175669
4551,-9.944886939341169,-8.619303456485992,-5.525419136512243,-7.897213321621777
4552,-9.592880623476775,-8.386712967960618,-5.305693173932181,-7.780643556395541
4553,-9.430553312525078,-8.180697377543131,-5.1187958879220155,-7.686704328760799
4554,-9.185331316255867,-8.012696549468927,-4.976094866574183,-7.576992315129094
4555,-8.906747019903625,-7.832930448504779,-4.845382275190253,-7.46151150784819
4556,-8.69085333280141,-7.587837299268371,-4.691621826465694,-7.354394035282087
4557,-8.533377233881637,-7.309369355359387,-4.481783802685707,-7.272406342514665
4558,-8.413319605965917,-7.0505354734037615,-4.218404347611753,-7.219536627411167
4559,-8.150581866295175,-6.815683246827879,-3.931735344745852,-7.120437261173603
4560,-7.583349750899228,-6.59246049013475,-3.638450748442591,-6.8944204826839455
4561,-6.987784606135036,-6.361515266186163,-3.344229206129798,-6.568793830238984
4562,-6.692359616107886,-6.10154261789137,-3.050215535086183,-6.210339601898279
4563,-6.514756039311674,-5.820622557834723,-2.787291765894908,-5.8411386985853655
4564,-6.172775092030202,-5.536771342881248,-2.5860743203810443,-5.481969940355364
4565,-5.7125770864424155,-5.253199940906537,-2.446682552375628,-5.184894058081865
4566,-5.261527953744874,-4.965464291810454,-2.3507933745861624,-4.985861501626694
4567,-4.948838390614385,-4.652066748688547,-2.2618754366407496,-4.888055766040816
4568,-4.874754267913143,-4.295492938246987,-2.1432803403635834,-4.869967568523566
4569,-4.8097272972882354,-3.9245916092473507,-1.9916442238395498,-4.838388400537693
4570,-4.488748910641214,-3.583268707191914,-1.82356434604665,-4.715812206697755
4571,-4.145838127393502,-3.286890327899968,-1.6552678903327698,-4.604218671667652
4572,-4.099202519584881,-3.0431385452614896,-1.5052998650651648,-4.63732879127966
4573,-4.233931904422657,-2.866947067142185,-1.39417765830678,-4.779803838244392
4574,-4.3395963178010115,-2.7630963386516214,-1.3310235458561832,-4.94991303888409
4575,-4.37588500178823,-2.7327499642191087,-1.302554660715323,-5.125535354351924
4576,-4.346771127765901,-2.7603748968414763,-1.2850788185865412,-5.295053585972713
4577,-4.379422357239622,-2.770354701663606,-1.25595103172167,-5.490607614299519
4578,-4.608017327983473,-2.689839539725514,-1.2003130618804216,-5.745017493596869
4579,-4.813997947748123,-2.5342628087632226,-1.1217797474757083,-5.942206870068428
4580,-4.74206818873604,-2.3539088839184985,-1.0347262368005579,-5.959644065101969
4581,-4.596314484391711,-2.183071685458674,-0.9558914366085138,-5.899747903314333
4582,-4.654143923894333,-2.043488548854424,-0.8957801376717749,-5.900491002064992
4583,-4.840909678843626,-1.9202684770887348,-0.8424427848488144,-5.912764290014517
4584,-4.993948647914491,-1.7793483479134629,-0.7747544171438083,-5.843116127287604
4585,-4.99882937200375,-1.607172790015628,-0.6822615334140052,-5.650597403943248
4586,-4.7833310513876315,-1.4005938726273894,-0.5610893984109022,-5.322086328770411
4587,-4.553270295192224,-1.1605477343310198,-0.41167762342640435,-4.950118971275858
4588,-4.5488406792970215,-0.8985346565074795,-0.24109851619342423,-4.6437187576449475
4589,-4.562936320679805,-0.6223078825809487,-0.06119838658341892,-4.3411806428045026
4590,-4.315832138082639,-0.3466393236128934,0.11578317560597717,-3.9487381741237106
4591,-3.949383022792455,-0.12487433797906422,0.2816082942722914,-3.5160675113094046
4592,-3.682417209363623,-0.003307356384520066,0.43149980182252223,-3.125449489130704
4593,-3.513957429861207,0.03618732307926287,0.5639729587489648,-2.816524740938573
4594,-3.3795759146211832,0.03897430459809886,0.6806533404679469,-2.6060523282051076
4595,-3.1230929798915223,0.04624642317270472,0.7806948117083716,-2.4295748222391236
4596,-2.602227114473699,0.08887958386684736,0.8653335538358933,-2.2061407939541593
4597,-2.029593437734335,0.15847635488461115,0.9506302308592622,-1.98126792808387
4598,-1.678349014515036,0.22845909746635507,1.0513574520918016,-1.8238273838256236
4599,-1.4049935886785074,0.29096121674570646,1.15618904158529,-1.6823085358764929
4600,-0.9911595277939648,0.3470033773113358,1.2474173868252965,-1.4907733629409492
4601,-0.5401090547774016,0.3995552675373747,1.32637422224973,-1.2637605700870744
4602,-0.2036449052945001,0.4525845525956576,1.3983751765366328,-1.0388802634496712
4603,0.0014231235378221463,0.5107988526294984,1.458403043467551,-0.873237765489782
4604,0.10362902085871947,0.5703479329444823,1.5013349042418582,-0.8122894500217397
4605,0.2855036595254702,0.5861701924097094,1.5258945710048715,-0.7820822412894288
4606,0.7160224034804017,0.5195700118956987,1.5306705775651497,-0.6876404722129085
4607,1.149233624093015,0.4180072917509941,1.5209871296074604,-0.5785369484613908
4608,-12.792281959394975,-15.053652574754208,-14.763599296726662,-9.846720697696858
4609,-13.38466516423582,-15.54137725017052,-15.177657883699478,-10.317913825152566
4610,-13.838493884359947,-16.045622333176063,-15.612401626078793,-10.831850240339458
4611,-14.14888636262847,-16.569438114322374,-16.046700302051537,-11.294094856890501
4612,-14.367685219599133,-17.06389297867448,-16.425102288150565,-11.631598313896088
4613,-14.629062072535534,-17.507687888181028,-16.698552599421305,-11.902476211858472
4614,-15.043301212518319,-17.93354013676536,-16.870372781945303,-12.190084633810137
4615,-15.390013703987924,-18.378442321026398,-16.965736669015264,-12.436119842207432
4616,-15.445881114683273,-18.82628187655175,-17.02967316804135,-12.570852069198287
4617,-15.422411059065448,-19.238337495209667,-17.090954405702373,-12.649202254778139
4618,-15.571586188145849,-19.566761912407994,-17.176589958015594,-12.732805794965309
4619,-15.823666933990932,-19.812656711263855,-17.300771620020686,-12.803678359916237
4620,-16.048024587175536,-19.998865012291986,-17.48534491424647,-12.834835739187767
4621,-16.153704865378497,-20.143531540835493,-17.737532867038087,-12.80874081135756
4622,-16.09151733218277,-20.266061551977334,-18.044643768909165,-12.723129835694746
4623,-16.06932883749724,-20.377601250768194,-18.354492070381948,-12.655050368471326
4624,-16.28336498793208,-20.479927259623683,-18.60885787998017,-12.67576657786816
4625,-16.48924430206203,-20.580730934627347,-18.76710759709912,-12.722846770960855
4626,-16.411483923898693,-20.678171429552,-18.827204846214062,-12.716381684999584
4627,-16.18442939247106,-20.736008741627273,-18.8311774950788,-12.683530915656242
4628,-16.002816343767957,-20.722281788467033,-18.848261121233236,-12.661872288447016
4629,-15.880893956444044,-20.650440301539874,-18.930130000443075,-12.639303458834268
4630,-15.789573086891279,-20.549546064176802,-19.070371207967593,-12.596374104702862
4631,-15.594035799114021,-20.438713916841365,-19.2211197868679,-12.477039352889708
4632,-15.181323158214257,-20.332824022286914,-19.319160427878312,-12.249159250514916
4633,-14.792152119062193,-20.23968240608149,-19.339603788526805,-12.040978948739813
4634,-14.665717704402864,-20.154283308583874,-19.286333911691248,-11.976376100551377
4635,-14.56295913251226,-20.060644131974215,-19.184143718885412,-11.966854053439274
4636,-14.212690704606953,-19.9401063113809,-19.069237066384066,-11.893601235888534
4637,-13.742983939178727,-19.7765370726465,-18.97020993815275,-11.77407553176308
4638,-13.348068403412697,-19.566922229108,-18.89931711937782,-11.655112122238464
4639,-13.10290088397061,-19.329064355083595,-18.845816892708932,-11.570504106583494
4640,-13.031776476975317,-19.09071620284188,-18.786506111975637,-11.545865416583146
4641,-12.960121872552014,-18.888685305610405,-18.696993014940144,-11.532827604665247
4642,-12.72192824579678,-18.74358837669356,-18.56158042205173,-11.474307915286072
4643,-12.54544503329596,-18.622245313781157,-18.387589141138445,-11.408168400707275
4644,-12.671274636986878,-18.480721690107767,-18.19201335255949,-11.381222584820938
4645,-12.921520493307964,-18.30744055852231,-17.985065849025798,-11.367010728311135
4646,-13.051112945119502,-18.104456663641997,-17.771489932205053,-11.326953762873003
4647,-13.011468958006768,-17.89455170733561,-17.55202672595659,-11.2394341848854
4648,-12.815316694864245,-17.699021623620006,-17.322470583195102,-11.092474304483446
4649,-12.567647362276503,-17.474924744770476,-17.067757483568162,-10.921712352874534
4650,-12.385325808067098,-17.199218740539187,-16.787548446008184,-10.76838068317514
4651,-12.147958515566712,-16.88726279128984,-16.49379166953079,-10.587084085956318
4652,-11.724479927012393,-16.604977356696345,-16.221071593984185,-10.338834799970337
4653,-11.310507622680111,-16.36728016378088,-15.988656989396343,-10.123855421704638
4654,-11.095908256422144,-16.112898650275316,-15.784291197549242,-10.033950392174
4655,-10.908354577149254,-15.783590799756398,-15.584062324312018,-9.995631259541103
4656,-10.549718351446804,-15.371589004861281,-15.375198949239527,-9.9098664295402
4657,-10.050369840647065,-14.888812149719678,-15.160084037048113,-9.757552169464317
4658,-9.502154170227287,-14.36778839423773,-14.925968103601475,-9.546730074036935
4659,-9.075840156405278,-13.816999127758084,-14.653093381893097,-9.331609612466234
4660,-8.889729839786998,-13.234186540909223,-14.325841958331784,-9.161841181286295
4661,-8.660589317367831,-12.615362503657586,-13.95970430651664,-8.95676448949585
4662,-8.09663615578958,-11.955570639794859,-13.577555333701365,-8.630011900965114
4663,-7.426309137407775,-11.265769300318084,-13.184998932121449,-8.25269155485149
4664,-6.925579709163143,-10.556208622223789,-12.780044067621835,-7.908133317217846
4665,-6.479876244295288,-9.811493971154109,-12.359196901109042,-7.56089866552064
4666,-5.907697338572797,-9.015047761750962,-11.906615254191891,-7.156075948562416
4667,-5.090993059871012,-8.170268853900048,-11.416527956272649,-6.660659023167882
4668,-4.106320595081109,-7.329911609811214,-10.893232932811236,-6.108867201682646
4669,-3.2970672778483334,-6.595739967264582,-10.371937630750141,-5.618162502381789
4670,-3.0551375907812455,-6.013544680919066,-9.884094887004625,-5.320171258487391
4671,-2.961386881865931,-5.601006144626374,-9.485419000070026,-5.074426886023587
4672,-2.470267363027494,-5.318922088478847,-9.203459958220478,-4.696171576255306
4673,-1.82355102735117,-5.094447800036379,-9.017001590085464,-4.265432862095537
4674,-1.402053078639518,-4.88442394501474,-8.863577317601994,-3.9125149648260247
4675,-1.1329994861771144,-4.629066184786514,-8.677045316933668,-3.625367115850541
4676,-0.904298524164274,-4.411782471200069,-8.347780541551064,-3.362107697939265
4677,-0.6095679434201229,-4.1734933110370465,-8.006105382649876,-3.0836228031828026
4678,-0.17851993151664033,-3.9215273384327656,-7.654668813044168,-2.7443152243762325
4679,0.20742077003562848,-3.6783753794050846,-7.2810501287741145,-2.395037889982799
4680,0.3405089122865525,-3.4628211673246505,-6.88173941829185,-2.1054256059297205
4681,0.41526781092851806,-3.2662346670046984,-6.489827348311406,-1.8285358616781247
4682,0.6828880657662129,-3.069647295960583,-6.149735719242071,-1.5018572057598185
4683,0.9907775689369276,-2.8623422905010947,-5.902958312617179,-1.1744765724068842
4684,1.118360981875933,-2.640768208823952,-5.770453901126509,-0.9116727472342269
4685,1.0903340836574498,-2.414678342261902,-5.716402121723161,-0.7087805370069187
4686,0.9965467165209764,-2.2044199833756357,-5.687623736126236,-0.5439228550054616
4687,0.9707918840019185,-2.0232461540192257,-5.634599855956001,-0.3875641171854934
4688,1.1290635344360187,-1.8801889851245932,-5.544910627187789,-0.2153504956043972
4689,1.271241614716733,-1.8101948809765707,-5.421360301703323,-0.08697636554368154
4690,1.1626136761787593,-1.8312219025836243,-5.284935006845433,-0.06679146554442991
4691,1.0252008028180275,-1.860487582405884,-5.150258635013866,-0.08224188133512472
4692,1.1502853251459988,-1.8249183989551963,-5.027516247184778,-0.037715168733565986
4693,1.4299291010793451,-1.7128645940835878,-4.932182040438726,0.045387394834138964
4694,1.6699103791342023,-1.5935756346590846,-4.870630041203317,0.12335961374437479
4695,1.806412983614803,-1.5136514928887954,-4.824694065645156,0.18947726881911758
4696,1.8302557341008543,-1.4558447735030724,-4.767811683837216,0.2543151508416939
4697,1.9527141282930498,-1.3938857281934778,-4.683847124534735,0.41900438670859147
4698,2.3886578355259087,-1.2893623401878682,-4.563748044476021,0.7715980016663989
4699,2.862971305690891,-1.1611421415230792,-4.400587331901791,1.1743223888309446
4700,3.0283324447546343,-1.0471507331341265,-4.19679529318854,1.4514073525263886
4701,3.0585233264753775,-0.9492748305473341,-3.973864951835594,1.6443452575400168
4702,3.2307942701623222,-0.8574117630319062,-3.7547486736608566,1.8483689797107785
4703,3.523762086756309,-0.7579102576708732,-3.539702620717412,2.0679827378798556
4704,3.838720995210567,-0.6386740783202766,-3.3211478166795514,2.2852879550533447
4705,4.022949964310451,-0.5158980035006542,-3.1013762625720065,2.435616381328207
4706,3.947459543680733,-0.4146371993040024,-2.884023175323859,2.459070393201999
4707,3.8599897093437114,-0.3428547884606321,-2.6703902602207745,2.4555471015561454
4708,4.058286963996217,-0.2983039501822401,-2.4624694884349774,2.5539512762837293
4709,4.348347226476535,-0.2657399764864552,-2.2596136006314014,2.7158130852551485
4710,4.436375938289521,-0.2275692736598154,-2.061910284015304,2.857327278414867
4711,4.380968047344394,-0.18778044293819057,-1.876376169184897,2.985059979268916
4712,4.318238458514674,-0.159291044935988,-1.7111790027611853,3.1085919323757274
4713,4.292074812401452,-0.14686148312619113,-1.5712575324450926,3.18808031090526
4714,4.325637821673082,-0.1542298741371445,-1.4565364861906702,3.1885969835124324
4715,4.286073090368706,-0.18588661755156732,-1.357267227802309,3.0630209391405363
4716,4.032389458647794,-0.2444584666776696,-1.2614820188918254,2.8004566972296896
4717,3.782165439579032,-0.3352461581334586,-1.1598331894678462,2.5670373590242894
4718,3.7909936865614613,-0.4610100067632786,-1.0528604569389566,2.538613289869811
4719,3.881531045839125,-0.6100889684037349,-0.9422300256110474,2.65123707723791
4720,3.799675106251762,-0.7652813558446813,-0.8378263434852082,2.768550103497903
4721,3.5899418255866813,-0.9231803681117985,-0.7292671136615254,2.867338041620449
4722,3.372189532271766,-1.0785777293649559,-0.5796787978274573,2.9481365462255282
4723,3.250259625140579,-1.1972317400459898,-0.3723853990611522,3.013930012996899
4724,3.302970396939881,-1.2491056755385173,-0.13227552878932194,3.078137003759174
4725,3.3449910520253154,-1.2440296908204194,0.10035434500760701,3.064727547169358
4726,3.1644772246792385,-1.2072208013025074,0.30988225557504856,2.9118268958194653
4727,2.982357287870141,-1.1720416862935348,0.4995814495313241,2.762317789824391
4728,3.080790133421679,-1.1506360094534047,0.6921963766871092,2.7867759393399876
4729,3.31857696419719,-1.1346720146691718,0.9202745438454408,2.9772283759462166
4730,3.467506210481518,-1.0785520763487633,1.1936987129150047,3.255543444249887
4731,3.5042137814453054,-0.9722418045509614,1.4966360030583368,3.531802299910144
4732,3.4645096428887063,-0.8610797683581637,1.7727275846895925,3.723251980551797
4733,3.481304927710712,-0.7685793773686268,1.9628415575259883,3.8761222401611386
4734,3.6847610931584183,-0.6634498725723127,2.0553789108148894,4.0731231733189475
4735,3.8664945298530466,-0.5042001764352266,2.0618017656181458,4.257403780976572
4736,-10.068888433995705,-15.160671902645838,-15.546630035601847,-8.206672861778
4737,-10.302811053404259,-15.618303982029307,-16.015870451076438,-8.535763046105187
4738,-10.398203139959989,-16.07139201689663,-16.464889373059577,-8.729271036708157
4739,-10.362626487563746,-16.475931258815216,-16.890616382821335,-8.777661255140199
4740,-10.242988517218368,-16.802258869935432,-17.2895176495187,-8.707444110264277
4741,-10.167433435312336,-17.06171583891181,-17.65374081414215,-8.608020555627713
4742,-10.248754133796794,-17.288773928431723,-17.976282387695385,-8.56769562203989
4743,-10.33198294100215,-17.515069850920913,-18.265474838213713,-8.556644804312972
4744,-10.251308140765051,-17.750049663158276,-18.527715921875384,-8.51889616368809
4745,-10.184821723234776,-17.98335651224747,-18.744159650893305,-8.48829144569939
4746,-10.321332331628094,-18.216578446828382,-18.89874907749681,-8.496338661184847
4747,-10.530393943816028,-18.472347041950634,-19.002113686541687,-8.4948975741749
4748,-10.642044669792604,-18.764256837052347,-19.077626155975224,-8.435974963392619
4749,-10.615438957672158,-19.073386107126645,-19.158938609606277,-8.307586237959498
4750,-10.464161183027883,-19.362934821183938,-19.27406538473971,-8.124841191075998
4751,-10.366887827186885,-19.619908320599638,-19.419248282147727,-7.978755679161196
4752,-10.482331056888482,-19.86920258470492,-19.576846043732573,-7.948200053260175
4753,-10.577612211344334,-20.146564460870756,-19.734497495734225,-7.962214563877958
4754,-10.409861035457304,-20.479897638333696,-19.881739392158376,-7.927198086068921
4755,-10.202495314960593,-20.857672097366546,-20.014193469089083,-7.8684702755368505
4756,-10.215481765721155,-21.239514878321035,-20.13168001503657,-7.828979141968231
4757,-10.368737617826357,-21.585210312368652,-20.231880825792512,-7.801170935790109
4758,-10.514974642996894,-21.875093150124485,-20.31345226573077,-7.776806544464616
4759,-10.530249910193561,-22.10415515660731,-20.37424420234763,-7.727911347699176
4760,-10.343268302388129,-22.26520540479502,-20.416391061850653,-7.642481314508185
4761,-10.193244640699131,-22.359714067960518,-20.458738767185405,-7.63598877901228
4762,-10.32145584175429,-22.396115111151204,-20.51827829858612,-7.804853105730386
4763,-10.496352265086262,-22.40161597738782,-20.58830605179434,-8.032354718214192
4764,-10.447020498096695,-22.403293500016783,-20.65517904544611,-8.175811549937077
4765,-10.321505872592093,-22.42131095336577,-20.71162992756954,-8.243008683990011
4766,-10.315924708935237,-22.456001150777894,-20.752557929494525,-8.280121354022475
4767,-10.42669235586266,-22.50274088432098,-20.77862063547537,-8.331557163243124
4768,-10.594432815492643,-22.547397142528226,-20.79031095903186,-8.428318179596378
4769,-10.636127737611435,-22.572665866612862,-20.779681122831,-8.48327319784002
4770,-10.393728197847485,-22.560505323100138,-20.736516536733554,-8.403959248898348
4771,-10.102300018372938,-22.48924764589275,-20.64605370528309,-8.270554325072935
4772,-10.010104890275947,-22.3466955296732,-20.502079696466264,-8.178949467992465
4773,-9.856026792076758,-22.125167511125262,-20.329403704994718,-8.066022932440276
4774,-9.363463648638144,-21.83159814301057,-20.149230599663515,-7.859419189662907
4775,-8.732182450147729,-21.480443237371347,-19.967976286014853,-7.602010289373467
4776,-8.22279550687857,-21.073077631370353,-19.762572952959445,-7.349614987000312
4777,-7.8989483339257625,-20.603988123868888,-19.496239843318495,-7.127863745733973
4778,-7.745473274379972,-20.09834918466119,-19.144281926300348,-6.949428132299339
4779,-7.531506235847722,-19.634586506369057,-18.717597212296827,-6.750109076673177
4780,-7.055967623489087,-19.278594427232964,-18.25790665434527,-6.480367718390157
4781,-6.621690778645522,-19.028954014813937,-17.811392727971718,-6.268103651895912
4782,-6.559998885643321,-18.827985348188854,-17.398165207273976,-6.237735943901155
4783,-6.678189632390425,-18.612026472740123,-16.998901199730078,-6.310728877849806
4784,-6.699584547733304,-18.32507516859549,-16.580444478175217,-6.367697283075659
4785,-6.5977502715668335,-17.963135795909825,-16.115258917101027,-6.359681770922142
4786,-6.409445099971352,-17.554083075074555,-15.599078195087962,-6.272358688992328
4787,-6.266343640645272,-17.125303431639804,-15.040963590016565,-6.184485185128807
4788,-6.2886853414883666,-16.700972645303,-14.44806799486128,-6.176876018617162
4789,-6.263467319300413,-16.29428390258193,-13.83643642061126,-6.16007540884339
4790,-5.96918770295338,-15.893861809310033,-13.218916013644147,-6.026712729430089
4791,-5.6132263785611425,-15.45032697686377,-12.603079234876205,-5.833813281986578
4792,-5.433722415541782,-14.90352754167535,-11.989828245339211,-5.658397407494463
4793,-5.334228578329181,-14.260082062698416,-11.372304883953044,-5.469394546588136
4794,-5.159238280782278,-13.590346764855749,-10.738913563262313,-5.232858708062214
4795,-4.810012172580718,-12.917422816298412,-10.077175954417257,-4.97369361764794
4796,-4.409992235416016,-12.26003844036469,-9.424788276243785,-4.779771494240118
4797,-4.247898794209516,-11.72579051174222,-8.876355127178302,-4.71558849101504
4798,-4.676084910654202,-11.379900935741015,-8.479631374037883,-4.856583763189351
4799,-5.190075508261392,-11.170059292339063,-8.2188642453904,-5.0560115194570185
4800,-5.181429154878295,-11.01368808149971,-8.060186092438698,-5.143321704569002
4801,-5.024757010407068,-10.861549951804857,-7.97201330161369,-5.2491544374517884
4802,-5.244884345185105,-10.706884380240028,-7.931168241210318,-5.537300315540485
4803,-5.675381293205029,-10.535199470717512,-7.931057797319425,-5.914781353679277
4804,-5.985522604995279,-10.110080089063239,-7.813619533607415,-6.139922803635315
4805,-6.17051515019377,-9.64736104410993,-7.727290716547521,-6.256875159012003
4806,-6.1886206405963335,-9.175408508496009,-7.661259290464331,-6.239327878374773
4807,-6.208676080995624,-8.725587057122613,-7.597621731549408,-6.185526582827833
4808,-6.431569599226924,-8.32488939547854,-7.526320697856908,-6.219001172899808
4809,-6.695688818383599,-7.973612571200509,-7.443350995914608,-6.3154837647888336
4810,-6.777884117093046,-7.664100164547336,-7.361032486627529,-6.402154609432782
4811,-6.818288519449144,-7.392828787038625,-7.282610812962612,-6.471446487470462
4812,-7.003470466138198,-7.139219441990595,-7.188926582653562,-6.526190296184141
4813,-7.26475106322675,-6.864440733295987,-7.0622543170342205,-6.560700559949702
4814,-7.472727312642598,-6.547360257277321,-6.904227751533676,-6.579015675642825
4815,-7.478383314230175,-6.198902997070905,-6.724906130338464,-6.564075476439003
4816,-7.183099426812885,-5.851122291157703,-6.524532434848313,-6.500008668253078
4817,-6.8473235179211,-5.548778981935184,-6.293007237334306,-6.445042655524926
4818,-6.779018703539066,-5.32406762209948,-6.026818703418739,-6.454670131091561
4819,-6.806922215671324,-5.158426399048999,-5.731475983128921,-6.453576417112179
4820,-6.662660012325528,-5.006254588718176,-5.412545747319515,-6.353766359198571
4821,-6.435627674634003,-4.822710497108392,-5.0850286831347296,-6.198447126938489
4822,-6.284195508135761,-4.5758420809319045,-4.78105109386691,-6.064372314426243
4823,-6.252543482917714,-4.26758434432395,-4.518395065294179,-5.995126338638336
4824,-6.343778856879652,-3.9256152417971646,-4.3027487434346305,-6.008308750678976
4825,-6.3701564350260975,-3.6058450906612434,-4.105601728247661,-6.019631596033319
4826,-6.140907584603852,-3.35313745376996,-3.898187705636476,-5.933559177316932
4827,-5.889308010870121,-3.177959639409073,-3.6741683808165115,-5.821363427108564
4828,-5.909935721241769,-3.0679439736603697,-3.455863771022377,-5.786424654923722
4829,-6.044265738911607,-2.9914149564011083,-3.260334080227781,-5.790955699372183
4830,-6.040310213538885,-2.906161685466135,-3.0853101817725026,-5.7642103755275915
4831,-5.907213579627597,-2.7916601346691206,-2.9181574966176003,-5.689651633687721
4832,-5.716172629745698,-2.6569909079552327,-2.7393797517074185,-5.568161951531192
4833,-5.5618897434282895,-2.520942992716339,-2.5375812794390207,-5.433631305513304
4834,-5.531132649213198,-2.39594342229032,-2.3157030627843906,-5.335823762794176
4835,-5.424734451388965,-2.2960583519805775,-2.106549475125934,-5.271165918151974
4836,-5.02767009660442,-2.2426464458231505,-1.941961531862384,-5.224498874960744
4837,-4.608184550350813,-2.2362616525229972,-1.836181560791536,-5.24434095703589
4838,-4.497749887652763,-2.2456738109003833,-1.7735740392064352,-5.374381387249132
4839,-4.556648757456352,-2.226400433760907,-1.7169662740760052,-5.570135553237407
4840,-4.5372164250870375,-2.1378995838418104,-1.6435616885319422,-5.765424932386495
4841,-4.388422952521068,-1.9516689639555067,-1.5553181371280886,-5.933440557757569
4842,-4.124103188067701,-1.6793379988286767,-1.4692293069709625,-6.057441567013401
4843,-3.9027987427384963,-1.3689998102751804,-1.396265063472708,-6.146183075027971
4844,-3.897679822352571,-1.069454875092187,-1.3408952312865092,-6.2117736354214514
4845,-3.9049535694716098,-0.8055076259463805,-1.2871802578256712,-6.164739219229859
4846,-3.6692884587213257,-0.5793550772475172,-1.2159318030697823,-5.930740261901122
4847,-3.3982231439476376,-0.3738669155980364,-1.135998162730076,-5.64984792011506
4848,-3.3631700894650787,-0.17024801267112474,-1.0637100547334932,-5.489876342554577
4849,-3.4629702741430877,0.04016866490802176,-1.0020821271931717,-5.42598032026212
4850,-3.50588062698779,0.24166273341270175,-0.9465116232598276,-5.364358396428044
4851,-3.365140224177477,0.4123551696237963,-0.880167776025634,-5.2194606944891655
4852,-2.97105072189422,0.5336525897863152,-0.7836485543717107,-4.922421296946547
4853,-2.533211459071021,0.6096068161660662,-0.6535831597135274,-4.533480713810946
4854,-2.3094818851109267,0.6651150259738188,-0.4960315063499825,-4.154099457126403
4855,-2.161764490263158,0.7338893227449133,-0.32019604135665997,-3.750015339661166
4856,-1.8717012497018983,0.8480864201142047,-0.13661159428637012,-3.2703259074166398
4857,-1.5411013011561927,1.009457411789139,0.05085752163013174,-2.7908491224167458
4858,-1.3284208256656689,1.1807477085577764,0.24147027426669138,-2.403950908840178
4859,-1.2473041592252125,1.3162096208737692,0.43197729321460177,-2.1398028235529742
4860,-1.269131731592399,1.3779041749385113,0.618081163036274,-1.9928580608860165
4861,-1.2703678919989538,1.3666177420384547,0.7901159576433483,-1.8864055653510954
4862,-1.1222266643106673,1.3093807313503654,0.9378244242635184,-1.7304478658269933
4863,-0.9659212213005519,1.2355472250286084,1.0661313685678635,-1.547849971539625
4864,-10.693210637942494,-17.40067804723759,-15.795051913036463,-9.206257785555128
4865,-11.230254696593223,-17.860811904501592,-16.129873900924554,-9.37627035211367
4866,-11.644365489003244,-18.439794804852262,-16.446074635852877,-9.527423524398198
4867,-12.005517276211046,-19.08039544101741,-16.76396852955244,-9.687243894984695
4868,-12.4174481674611,-19.695614590802794,-17.088881074519,-9.902751862734847
4869,-12.916749381567028,-20.219896131843353,-17.41067427943797,-10.236368950056706
4870,-13.506266761166003,-20.621450524948457,-17.720237278798106,-10.715739675190942
4871,-14.008323762774328,-20.940548051124182,-18.009051139789122,-11.211341369823533
4872,-14.268698857516657,-21.240949982529063,-18.262608796655616,-11.578677102848655
4873,-14.512005498705749,-21.553637057347572,-18.480255307317137,-11.834448035014828
4874,-14.977836838333117,-21.883651042970133,-18.671602492165302,-12.038211494763646
4875,-15.50821345729208,-22.193494043610844,-18.872349711701652,-12.191867558669077
4876,-15.891499380990213,-22.445017626771797,-19.10481359701474,-12.300712861744847
4877,-16.12150856303728,-22.660647640053856,-19.36243879354921,-12.380067013591528
4878,-16.251664831885453,-22.88214333857059,-19.607251872240564,-12.441033191975258
4879,-16.43035337276415,-23.14141640301987,-19.802360056446105,-12.539680052247219
4880,-16.790304074386533,-23.451754315737944,-19.944229462050675,-12.714602266440128
4881,-17.140213337487825,-23.771792171751585,-20.056531575144138,-12.863086603977507
4882,-17.279595737936933,-24.046516314034548,-20.160964451329406,-12.89001538795569
4883,-17.43886072439722,-24.26587697500395,-20.272716439067057,-12.900453907307899
4884,-17.857345931505883,-24.434908594919612,-20.3957497939077,-13.011269574833555
4885,-18.373872562831362,-24.546437415056225,-20.5359845518753,-13.170077194382255
4886,-18.7668819413643,-24.60555119534407,-20.68570813898966,-13.291412382861436
4887,-18.938847881580937,-24.63465588495187,-20.803812083192923,-13.326742005333125
4888,-18.873387535008508,-24.66112276260848,-20.85662304538121,-13.255468734962859
4889,-18.83052451689886,-24.72724387483644,-20.826082004058556,-13.165822043678927
4890,-19.060248406822378,-24.854457302237318,-20.731557093983028,-13.152116211287263
4891,-19.304174904776332,-24.995499401992028,-20.6155388238961,-13.150914835738968
4892,-19.262419794648412,-25.08779660406199,-20.506056346593592,-13.080721007471595
4893,-19.139565201278522,-25.102817441199658,-20.404835755082356,-12.9811569148042
4894,-19.183209195756028,-25.038484728079126,-20.296771486498884,-12.914031240456568
4895,-19.31235245068579,-24.924307469426115,-20.16885768267731,-12.91481203025539
4896,-19.388845701474025,-24.800842319678978,-20.014702527443262,-13.003136588652245
4897,-19.28128706315329,-24.69940541811734,-19.840454955163114,-13.127210463469863
4898,-18.914649328400547,-24.625440862770024,-19.663734735770785,-13.226988490435547
4899,-18.545624816299927,-24.520475043939427,-19.51814666440767,-13.35102218933279
4900,-18.437958478287324,-24.323949393196898,-19.42656905275535,-13.55015840254578
4901,-18.39256214112905,-24.053359605719976,-19.363787821588897,-13.74829450436143
4902,-18.150787328490363,-23.74488777092864,-19.29330059715597,-13.865454775658362
4903,-17.805122262326964,-23.40459859886458,-19.187249659530487,-13.924825399100317
4904,-17.48703826652173,-23.02754817229001,-19.034051143013937,-13.965387862490601
4905,-17.18200515935784,-22.58710615696685,-18.821230189890283,-14.008888382723562
4906,-16.85187451124735,-22.05809992709113,-18.534012576636666,-14.053085106744406
4907,-16.35499975189893,-21.45991855658332,-18.183278300672395,-13.995483093626635
4908,-15.599002580544628,-20.82504129177012,-17.808807975362377,-13.743128846690222
4909,-14.8802000520878,-20.17023799760153,-17.442602883309448,-13.368529984509518
4910,-14.494414646571448,-19.504950449330806,-17.08166553782935,-12.978963665499531
4911,-14.261450612286884,-18.82382176700436,-16.69655907613839,-12.58534037345192
4912,-13.923256328126708,-18.120235360075814,-16.261466818022004,-12.182387273962132
4913,-13.47856167765121,-17.408150158761917,-15.772804140956055,-11.784172394991868
4914,-12.983070748780289,-16.706115184248265,-15.241113191585155,-11.396527986468772
4915,-12.540289218859337,-16.029584774923897,-14.672626949619128,-11.056875560722423
4916,-12.23184086480951,-15.38099886436199,-14.077576607208423,-10.783387062470231
4917,-11.829034456066138,-14.726250849879243,-13.473868473809322,-10.466937779351413
4918,-11.108693985061585,-14.025439179791146,-12.874408981954192,-10.009483256438518
4919,-10.314820840608675,-13.269971345379115,-12.280436227965046,-9.482558779568063
4920,-9.723187540283401,-12.463877019031274,-11.683391611573526,-8.991962848216486
4921,-9.18774405615905,-11.610237844364082,-11.062915134776135,-8.571831451720795
4922,-8.513295619401159,-10.714948948794893,-10.398857202865193,-8.22039984982544
4923,-7.710343010354177,-9.785102455472906,-9.685668757677456,-7.8746287915616655
4924,-6.948121805608847,-8.887231540504509,-8.97555674144254,-7.530431804571588
4925,-6.406079385243123,-8.1399638368552,-8.375247956284383,-7.2411776384783675
4926,-6.289961134504548,-7.595515504599908,-7.936643463337563,-7.111375109467113
4927,-6.188021104458012,-7.240263622267283,-7.644437665946462,-7.005260508356139
4928,-5.65397231280002,-7.0120805943488485,-7.452839465781618,-6.764272032303555
4929,-5.125958083677495,-6.853745692717062,-7.302950402158803,-6.528464764991132
4930,-5.145371671644361,-6.683673098607566,-7.138213649033276,-6.4727185062206525
4931,-5.484674502356723,-6.457022088823233,-6.9163459292652085,-6.545149987300184
4932,-5.351621854380174,-6.064664524917949,-6.493130158098973,-6.288772944705309
4933,-5.14605124791649,-5.680694838285389,-6.064324307751484,-6.060902400343275
4934,-4.858120011045582,-5.2771471572408,-5.636807018821043,-5.827500456526116
4935,-4.618035847716235,-4.8603633027936874,-5.217676302189011,-5.641390492889916
4936,-4.566902467286596,-4.445822925768406,-4.814257412981894,-5.557097614843915
4937,-4.4755196251797935,-4.016992055596551,-4.434882080134725,-5.466650141320223
4938,-4.070057535600537,-3.5650843948334496,-4.086171642525868,-5.249185568265647
4939,-3.5190569196896506,-3.1463735131268424,-3.770033092616692,-4.959807014965552
4940,-3.0851276186221512,-2.8184079561229525,-3.486057054817581,-4.702492765126981
4941,-2.766925916320865,-2.5677720442851903,-3.2344956398515254,-4.520515345399467
4942,-2.4965335144626364,-2.3527332956712024,-3.012310310005967,-4.430560131477853
4943,-2.1991303069707335,-2.1308091558808,-2.8139084189905486,-4.38906665838998
4944,-1.804035399881473,-1.8663870538043055,-2.628821936265556,-4.326251979942556
4945,-1.4756653002785673,-1.573507078405268,-2.4298755891053627,-4.262569588042432
4946,-1.3969704338229831,-1.281336608502493,-2.197151155758483,-4.228249625541247
4947,-1.340205006369986,-0.974055448902555,-1.9302703785194848,-4.120855584703555
4948,-1.026749129346361,-0.6249136066832496,-1.6519602319329936,-3.8383007664637385
4949,-0.6179906010211953,-0.22997431483971176,-1.381867782941625,-3.4426832444689244
4950,-0.34764202171762937,0.20602352812904498,-1.1267891497926537,-3.03338620987555
4951,-0.16578605319392115,0.6715528948944415,-0.8890214031320373,-2.6357332197243233
4952,0.05121976575633316,1.1473230019405454,-0.6752240065278627,-2.2466190392341656
4953,0.4575987666436046,1.6140849602765226,-0.47645602282809657,-1.8067939424708161
4954,1.168790629662916,2.057101630404266,-0.2792170750672138,-1.2606805580546496
4955,1.9385106120439781,2.4687498377956114,-0.06026687469138557,-0.7092970763657503
4956,2.4641116022586456,2.8470976724500936,0.19771952164602127,-0.28151167391377313
4957,2.9109093398416728,3.200981770124158,0.48361858759596943,0.05266343358805434
4958,3.5278347877657787,3.5403567514519545,0.7742427458436941,0.36677488587746976
4959,4.194506865277568,3.8454509665086998,1.0490254135313377,0.6642614338774471
4960,4.723498200888907,4.112273621215358,1.3018055031582372,0.9445424929220979
4961,5.047259885198043,4.348692954829724,1.5390410227419078,1.2112912502896682
4962,5.162494012463665,4.5961553372718855,1.7886756582459757,1.4671276025427316
4963,5.313066576447114,4.880584614242522,2.0868887207761264,1.8008736485273438
4964,5.7552770255622905,5.1509067868468295,2.4427773389296377,2.282210423840551
4965,6.269111463241814,5.351172509755603,2.816106878063808,2.7579986248580344
4966,6.5406365760273735,5.431246974268069,3.153520226218174,3.049480646204674
4967,6.694112268700256,5.4248497358032735,3.4172613052620178,3.2105014165869505
4968,6.931254625143531,5.399646780890292,3.6048043430252497,3.3602764827232616
4969,7.197193237375143,5.390823889718436,3.7344725813170223,3.5401623471344914
4970,7.387642673593706,5.411265458932966,3.8276304476929925,3.7602727387059653
4971,7.374922249973629,5.443889115278761,3.9127083038380355,3.9484733615240324
4972,7.0715298682725605,5.457132962645236,4.0249459575916555,4.020394429510051
4973,6.746631112951961,5.436559076119782,4.172000095306703,4.044021913451902
4974,6.706829421564131,5.38781439021778,4.327343553283274,4.127285413887021
4975,6.759398490158271,5.3470315943875075,4.465025191066323,4.269045371027403
4976,6.610616428731052,5.354291644866227,4.575617638097185,4.4354153542157535
4977,6.340224654350716,5.41671025948934,4.659862965953788,4.620620604962846
4978,6.108698780995858,5.514185051394411,4.723086965501739,4.807389183308189
4979,5.9628057909413155,5.599832281423702,4.774936109614723,4.9647030341104745
4980,5.914770552091663,5.621622002581005,4.834464612325691,5.067009301103624
4981,5.815946298531987,5.559643973908417,4.909945949643967,5.0720927250224115
4982,5.505555505242586,5.42401055119382,5.0006771620901596,4.957682975014175
4983,5.170315355205188,5.238309772659583,5.085232382963454,4.808194000429192
4984,5.0511415731427025,5.044450492729021,5.139669277729757,4.718966278237386
4985,5.013940387948067,4.920921058225215,5.165192781310633,4.651921189233489
4986,4.858165175499173,4.924198789486052,5.171036371648878,4.5453216555869735
4987,4.641100502305779,5.016065053379403,5.177985829306416,4.425511253860323
4988,4.46782604791265,5.117644616351674,5.194138562800605,4.344756387301565
4989,4.388621890869365,5.158934877309976,5.211978104919546,4.380737828817683
4990,4.424653975628402,5.094841938852204,5.223593062883912,4.585536699705848
4991,4.402949222961616,4.951921498629973,5.2202573112438175,4.847323025651033
4992,-10.829717579842127,-8.187912499261866,-14.491212115165387,-10.147363385356424
4993,-11.362848191620012,-8.626759737073206,-14.977353078439398,-10.442831769203288
4994,-11.704697474747398,-9.18237343417679,-15.450033431019527,-10.715792528396417
4995,-11.939863684657693,-9.812403823926932,-15.920902778372398,-11.00028585667042
4996,-12.218437292162701,-10.448257423187226,-16.38649349533839,-11.33221785830106
4997,-12.627129354956601,-11.034282043247478,-16.834228333987465,-11.707730880136536
4998,-13.212318914607035,-11.545332977248568,-17.25172772018822,-12.105201779097099
4999,-13.784195898225944,-12.03010564657649,-17.641527445277017,-12.432473214777472
5000,-14.155454283621351,-12.56160338359075,-18.017712129771205,-12.618015676883918
5001,-14.566389727099912,-13.174433495735686,-18.409222937539944,-12.757543171790251
5002,-15.261693762141679,-13.872617830559527,-18.84139818585915,-12.971270940960189
5003,-16.000844418195847,-14.634750083046157,-19.310411606660463,-13.247284248615461
5004,-16.499385259026724,-15.410380258607416,-19.79919614514697,-13.547930642901553
5005,-16.782330140902015,-16.124331785896423,-20.294196332844717,-13.877856453183222
5006,-16.960208687298902,-16.718392309463173,-20.780470143809715,-14.241024024350999
5007,-17.211103605019044,-17.184223776120444,-21.24312977303091,-14.669846204461583
5008,-17.67727921063146,-17.552813868835653,-21.67117039997305,-15.180197140209893
5009,-18.134468027329962,-17.900193751677637,-22.056957819856393,-15.659297977778243
5010,-18.339618073034046,-18.294304235280922,-22.397513587142143,-16.000483308319954
5011,-18.50910502178069,-18.72395940876129,-22.69386610155785,-16.272299384958803
5012,-18.90194366625428,-19.146952118283867,-22.951256132806268,-16.57021726408594
5013,-19.426679584994837,-19.535840017644507,-23.183406319681016,-16.88310580107026
5014,-19.931744103184695,-19.873719254196935,-23.402113906439133,-17.17912975323287
5015,-20.34475070533179,-20.167795929433137,-23.601370915852662,-17.427558444808362
5016,-20.62377432647619,-20.439264753596227,-23.77195102234662,-17.606199757154513
5017,-20.919851851018887,-20.707610743563972,-23.920195647763233,-17.790529456903997
5018,-21.369139601634455,-20.97888680812025,-24.04880130911861,-18.046449461811665
5019,-21.702113051363085,-21.22760723270181,-24.15205122974942,-18.267316667265213
5020,-21.649792964699646,-21.422994028700607,-24.21219171606448,-18.334657689739846
5021,-21.42725237516059,-21.549248022738603,-24.218135206657283,-18.286855787603688
5022,-21.30775496261495,-21.609624378309437,-24.164516902260026,-18.195608035190457
5023,-21.25593688263568,-21.652407546364568,-24.036697499100466,-18.07746541754211
5024,-21.176365881029305,-21.7193526959586,-23.818407669217386,-17.942070711494523
5025,-20.983177811959177,-21.780041761046316,-23.521718424396905,-17.78135629479783
5026,-20.613416357322084,-21.782825313304897,-23.167159516653758,-17.578992263435428
5027,-20.270894620028656,-21.698916761269647,-22.775997772822716,-17.378713476834406
5028,-20.139553556423884,-21.519332251401295,-22.362822232032155,-17.212698301931663
5029,-19.920153904614995,-21.267039985053557,-21.923512656390226,-16.988908018992916
5030,-19.30699465993342,-20.988394916685586,-21.443070613379444,-16.618595290819815
5031,-18.503608685444622,-20.735632763723885,-20.90196263522135,-16.1577660521236
5032,-17.798312656192874,-20.549636274769224,-20.28958243658344,-15.686788958195446
5033,-17.253064672406005,-20.439813025300516,-19.619921507299562,-15.21259433819433
5034,-16.85538909794577,-20.388413783711872,-18.91985910385594,-14.726896952252696
5035,-16.460663014903105,-20.361785186862818,-18.22092368417165,-14.206488459175606
5036,-15.914552767610473,-20.315611400841366,-17.544290661776113,-13.633122354260268
5037,-15.380756837164245,-20.202086671662855,-16.880394933353095,-13.080456961484662
5038,-15.036888920931304,-19.989475169598048,-16.205208638493822,-12.615446508783435
5039,-14.661284786617664,-19.675342042292,-15.496646768522012,-12.15873238977621
5040,-14.02405671074494,-19.28238807178178,-14.741898717171587,-11.622319569207106
5041,-13.256252324666384,-18.858145683269015,-13.949782498225522,-11.041657213353675
5042,-12.544751071260405,-18.448030580465982,-13.143951572862038,-10.481633649400418
5043,-11.96778750543881,-18.06809915945935,-12.352806468366929,-9.988699854104274
5044,-11.54074464498661,-17.71302783504212,-11.604428751840826,-9.590840530945355
5045,-11.052994442588863,-17.34969004544076,-10.900218196169014,-9.235567023232177
5046,-10.30761420166676,-16.94661675415438,-10.235144290864284,-8.851434064303616
5047,-9.539009190748887,-16.52782114930572,-9.610221863603572,-8.460627483209695
5048,-9.011103807568803,-16.1188804682876,-9.004092662139003,-8.085080393358139
5049,-8.566691470235238,-15.687686752694711,-8.37418414984032,-7.6370176578845514
5050,-7.991067123045445,-15.192149683376645,-7.700146779571064,-7.038293734574804
5051,-7.270584768305667,-14.605728205940583,-6.990959796431434,-6.313560283955815
5052,-6.54489582456924,-13.954358515736699,-6.29188517553113,-5.590960741841859
5053,-5.96670055934669,-13.323510819087963,-5.68663289546683,-5.011011720530603
5054,-5.727515557697597,-12.81692538353427,-5.208493302863,-4.712323173244803
5055,-5.3596838564514195,-12.407395318524204,-4.823887340856037,-4.533296614985882
5056,-4.3768717616572514,-12.03064482433448,-4.475077539518079,-4.241783231359329
5057,-3.2808351720216806,-11.697013527416285,-4.116581401526483,-3.8911828271490845
5058,-2.6954047446803524,-11.431779733945428,-3.7451739072101207,-3.6021859025003966
5059,-2.4053628143781216,-11.2594250163208,-3.363023888589268,-3.3413152506977455
5060,-1.8858293005561235,-11.181212718111702,-2.784650934289134,-2.801834382741507
5061,-1.2939994415791864,-11.129930827118484,-2.216526907094383,-2.253907958751975
5062,-0.6748907761925996,-11.000940718194324,-1.6586867307817543,-1.6897363323329848
5063,-0.16124924210508454,-10.729959279415645,-1.1043080608894653,-1.1708913073962037
5064,0.11667234003946614,-10.29306806586286,-0.5384380342174896,-0.7575744999553903
5065,0.37874744339294286,-9.743181937079838,0.041683572730154037,-0.3435293204983687
5066,0.8827810264839165,-9.167684266800045,0.6193884117247204,0.18852096736540502
5067,1.40779332791182,-8.598377080254448,1.1709566844999602,0.7447982094956836
5068,1.6550384179380313,-8.046219900846515,1.677732797172159,1.1889385973331823
5069,1.7211001656978895,-7.5600661763897,2.134262661404613,1.516423689271821
5070,1.7890555474856784,-7.170405098309174,2.5341596415477516,1.766465846356106
5071,1.9121027738679761,-6.826053282425223,2.863129950448474,1.9939667345408936
5072,2.101993395947982,-6.460902846242125,3.127323588066371,2.2562051114980406
5073,2.1989092982296765,-6.0669703690961345,3.3559629060057157,2.5106447623841213
5074,2.040855310320977,-5.660827183592068,3.570370702596262,2.690596773164066
5075,1.8722049043322384,-5.252734036635135,3.779082172078943,2.8509599464308386
5076,1.991681958931812,-4.860127892702139,3.9817041980759953,3.0624437830250084
5077,2.258166165412155,-4.512492085005178,4.181879402702077,3.2714728971439553
5078,2.4333070290850025,-4.226842424115262,4.382799693793636,3.4110148833298815
5079,2.496572977127625,-3.9825275183045057,4.58466554726259,3.512829577761775
5080,2.494496660188907,-3.743725095719768,4.786713238015554,3.626994314365665
5081,2.57503233469127,-3.487174128088163,4.988204363285376,3.7749711451956443
5082,2.8826767599184477,-3.196250145763447,5.184268069790654,3.9606993475475365
5083,3.2078001897538995,-2.8604268259016865,5.361814208057286,4.1185211241875646
5084,3.286778488022676,-2.4810507482833186,5.504518505369449,4.179344499436398
5085,3.2951073930338723,-2.0637026353578936,5.596637322210824,4.201887026029138
5086,3.4818752076260706,-1.6231801290021601,5.627122810045219,4.2703006765278895
5087,3.737103987192068,-1.1992754994905794,5.600526679627582,4.363618293166424
5088,3.893989761358103,-0.8291682470282874,5.530759563787087,4.438355806483753
5089,3.948401970956101,-0.5129089060261488,5.421673301176364,4.48066576892731
5090,3.946703431193138,-0.2321624623832349,5.289967178951619,4.4921500835824135
5091,4.07949632858001,0.031379152993210216,5.167216373657303,4.551155889122472
5092,4.516790908583916,0.29370491007289445,5.0986185260785835,4.734739851680558
5093,4.99351795314781,0.5602617612422094,5.111965856517151,4.960282599499015
5094,5.182680013495367,0.8252673465090378,5.19314569511275,5.119448181333902
5095,5.242578834155987,1.0673915305492276,5.296934512570049,5.248875690969891
5096,5.436175107871475,1.2680333139148543,5.379621510707548,5.421849414134928
5097,5.749399196306787,1.4433763523970928,5.425362241834865,5.672773603112442
5098,6.094726497936764,1.6166022359660432,5.432701805607039,6.0087019326864155
5099,6.341674876447932,1.7834968334249068,5.398921785248022,6.338558014456533
5100,6.366011316465593,1.9265870396856115,5.315943347272578,6.551259910155987
5101,6.357895398246049,2.0236626086629563,5.190837486724137,6.68053784861656
5102,6.542171155701121,2.0522958660965487,5.033771281108928,6.793471086618705
5103,6.6688100510205395,2.0019414403770104,4.858510458997881,6.827360715620111
5104,6.428949913970821,1.8773695798879362,4.678385843038698,6.715831603837528
5105,5.9812124963665285,1.7000505109432236,4.495521624208217,6.516484273987126
5106,5.58358574676765,1.496987957018039,4.307776793520406,6.310718027042935
5107,5.2789300308720115,1.2915405680216347,4.1192179076745745,6.150149454618456
5108,5.045122694500576,1.0939462612665558,3.933787081964572,6.056110615065109
5109,4.744423462129012,0.8843154348867547,3.7518241961728163,5.930898361972196
5110,4.234780235197224,0.6395086690168879,3.571107535789655,5.6660743477639715
5111,3.735570265507264,0.35821054639194205,3.381872889104526,5.347895749970558
5112,3.509979001043687,0.05982915718643945,3.1771868089858493,5.104134453817652
5113,3.3624050306947493,-0.19395408625520794,2.952990926028214,4.893664358966292
5114,3.0174980772511675,-0.349169971905616,2.7152720294182022,4.645173114247108
5115,2.5356467317234164,-0.4312276129935834,2.476812189697916,4.3923726029985914
5116,2.0610940562857047,-0.49991284151600796,2.2361113182773935,4.17693300034601
5117,1.6948540926645412,-0.6120790963671535,1.9813587410290463,4.004080264425366
5118,1.5104755199171311,-0.8011729442329202,1.6988603829080182,3.859869406017839
5119,1.3352286843580718,-1.0254368208729654,1.3888910856881804,3.6506076008904107
5120,-11.285896989137118,-13.950467569761436,-14.533386531932472,-8.85291993615442
5121,-11.519324869974438,-14.284976348632927,-14.836883617930928,-9.087865075258444
5122,-11.533201547097137,-14.635018323706268,-15.159566063407963,-9.236201748673372
5123,-11.487584561229795,-14.986548658232467,-15.522206663163967,-9.330529762454866
5124,-11.5803077857391,-15.323220943839498,-15.935942860523554,-9.430221218796934
5125,-11.806127614852809,-15.639827763388725,-16.375757721993548,-9.56398085149134
5126,-12.10222979955208,-15.937479749060417,-16.807197584598285,-9.743479228293745
5127,-12.260649736847588,-16.213536963883445,-17.21313379229009,-9.907294447775296
5128,-12.130326250525917,-16.466911262705484,-17.58724458694536,-9.99080988630376
5129,-12.042429068728337,-16.69692490142012,-17.934425504319442,-10.045012858902039
5130,-12.345605104599308,-16.905940859661545,-18.266110262959852,-10.138871758363079
5131,-12.844493294194887,-17.109880389834508,-18.590691197691747,-10.2467629876417
5132,-13.249951144442015,-17.32118310194072,-18.909743267603844,-10.337903493944754
5133,-13.550024290286807,-17.530910731191895,-19.213084514121142,-10.449121202768731
5134,-13.792218871619022,-17.724211551686714,-19.48785756299408,-10.613702374599706
5135,-14.069363257156082,-17.886788059798246,-19.725776915913706,-10.832300419526508
5136,-14.46548163328483,-18.01442657752728,-19.925080070622297,-11.083214900651255
5137,-14.78618924847849,-18.132538949754377,-20.100610580832143,-11.27872588120205
5138,-14.835169945624521,-18.264832036475767,-20.25907148078838,-11.34632084838703
5139,-14.829600349941328,-18.431694498932362,-20.398260802587302,-11.352995431919432
5140,-15.006426350613008,-18.617471420270117,-20.48610975069231,-11.385974594185507
5141,-15.202287252917248,-18.79021803661316,-20.513304815126535,-11.430197806498283
5142,-15.215267052964483,-18.916615969819535,-20.475295799424405,-11.449080359284538
5143,-15.073780208904983,-19.002757205041416,-20.36159653241829,-11.417979810674838
5144,-14.857992125856603,-19.059201106343917,-20.183822918725074,-11.324938687996204
5145,-14.70459746393078,-19.099940435533814,-19.969901135287593,-11.241162036490202
5146,-14.714858571408701,-19.117585791985867,-19.766302966753667,-11.233093672461246
5147,-14.661473060793723,-19.090869863216977,-19.59785782515247,-11.222069995016957
5148,-14.31533851060172,-19.021283574044528,-19.44702308733577,-11.116268885435968
5149,-13.899964442490854,-18.952297785680695,-19.28940323305556,-10.95759380313538
5150,-13.676464025898088,-18.914111293150825,-19.100182329344552,-10.80528414148728
5151,-13.537094450464386,-18.890747065041214,-18.891482107297243,-10.64499952802804
5152,-13.31718856849652,-18.82934268046264,-18.686866180182545,-10.457200650686826
5153,-12.968306202969671,-18.708461526468835,-18.49277323528415,-10.231359359396519
5154,-12.491628144364133,-18.556173977839325,-18.307932428048275,-9.971277144871499
5155,-12.069887247689397,-18.404311574049427,-18.119120467286734,-9.756736120629839
5156,-11.878140949867095,-18.2561808293429,-17.91228194105231,-9.660754106853616
5157,-11.725103110660626,-18.093107137212872,-17.696234117426624,-9.62926665093549
5158,-11.391804509593468,-17.900871426274183,-17.482123806014595,-9.584368591897816
5159,-11.038735042365811,-17.665369570940335,-17.264641818776624,-9.536196173620919
5160,-10.848266125437693,-17.378489264669067,-17.03220324870562,-9.499147740955296
5161,-10.733145928661974,-17.0436562429977,-16.763541586037668,-9.43587701901939
5162,-10.554905728877904,-16.65705487392116,-16.44365720176685,-9.309574148386558
5163,-10.16869768231056,-16.214143438195112,-16.09151446929817,-9.081864284314753
5164,-9.490378789065508,-15.700856919386927,-15.726616778484528,-8.742085684949057
5165,-8.77215097009131,-15.13321854987134,-15.365623640094464,-8.39234721432355
5166,-8.276187742639555,-14.565637523259397,-14.993205019034503,-8.13134970071927
5167,-7.799713756723696,-14.041410723778808,-14.593081574215601,-7.909278510710786
5168,-7.1026207810352435,-13.555952042445226,-14.1451006106205,-7.647419149223884
5169,-6.340418345220608,-13.058383804075326,-13.648417408383354,-7.335805953430575
5170,-5.7192885021225095,-12.491212802068093,-13.108359481777775,-6.988377270935147
5171,-5.289590890011859,-11.859705365792987,-12.511893650032833,-6.660435123390266
5172,-5.036130243155792,-11.235763310930631,-11.85403068161683,-6.401284399844867
5173,-4.764889412800799,-10.676617931791114,-11.162126476999333,-6.145981604411078
5174,-4.288181789757778,-10.178742455591252,-10.468593545754171,-5.813359614473416
5175,-3.782686198886187,-9.70246343007308,-9.794903171805249,-5.435405774788944
5176,-3.4570373540309545,-9.210448669042853,-9.142612510797521,-5.053275141069678
5177,-3.155032379899497,-8.677487252707715,-8.478363121557157,-4.615844056180379
5178,-2.6883545467177727,-8.099642422125152,-7.756138313461711,-4.07398442020712
5179,-2.102063497983928,-7.483942937699938,-6.931914795587971,-3.447796149016167
5180,-1.5827351222397152,-6.8832141151048285,-6.024321822404289,-2.841677426860459
5181,-1.244144561147105,-6.40027907787267,-5.157458562023247,-2.329434735721961
5182,-1.219315529618598,-6.083178785171774,-4.414962143151103,-2.0036419057808685
5183,-1.166734344542614,-5.890493991501609,-3.799906453216583,-1.7248660193510845
5184,-0.7271674083071885,-5.780402507963199,-3.2506123607370303,-1.3192124974858284
5185,-0.2875606446421439,-5.713597509905509,-2.7026254941881143,-0.9185259371366761
5186,-0.30795308130129984,-5.655708017800525,-2.1407671116044384,-0.7031041232304897
5187,-0.5431851946284312,-5.593397135328383,-1.6070914338798434,-0.6068769551613769
5188,-0.47637263017271253,-5.2683417492722695,-1.1072139882296201,-0.3659849430836409
5189,-0.2978324875979911,-4.897314908401709,-0.6673528403248683,-0.16667371538826736
5190,-0.09772451099564938,-4.470212273922075,-0.28541836223915484,-0.03243501734471664
5191,0.014706918483084447,-4.0038621549026105,0.04988766134463989,-0.008853538581982331
5192,-0.04826900910293782,-3.537157436278066,0.3509064729885519,-0.12283128226309162
5193,-0.08773398678157729,-3.0966767705069023,0.5985384588832768,-0.24998930776724274
5194,0.12471940974347746,-2.6712372738007253,0.780982039545711,-0.24771659396989315
5195,0.38574471999060356,-2.22413020158904,0.9129486603863488,-0.15910515921368756
5196,0.4226075220825821,-1.7485138919179253,1.0453446612764954,-0.07722029927040705
5197,0.3395927422170813,-1.2782655265561051,1.2017408958016176,0.00855406297320431
5198,0.32225546954466805,-0.8410831389182983,1.3905729689548105,0.12186451004490907
5199,0.4185724834646212,-0.42997027755084405,1.5931786808663098,0.25353214458951323
5200,0.6271937067574107,-0.03361457738848961,1.7754434581771499,0.39001103569931256
5201,0.7807963188048376,0.35224225811948306,1.9073539414435432,0.46278460127448817
5202,0.7034114829496723,0.7107876779471528,1.9755413596328448,0.41659674306121575
5203,0.60798324682304,1.0241073562433796,2.0008353769551555,0.35678975443042726
5204,0.7591750173169104,1.305307202554632,2.0214532429146317,0.4130496814214262
5205,0.9699898894008506,1.5816478599459582,2.070357530540122,0.552496369021033
5206,0.9761968941317587,1.8813548939336728,2.165783214246586,0.6959565352660483
5207,0.8304369839371248,2.190801993288304,2.299809773280104,0.8317379513704217
5208,0.6646307302423444,2.478528744191938,2.4447149541623756,0.9592592931105813
5209,0.5843316021381971,2.7216015257377513,2.5564216664735726,1.0824507293052166
5210,0.6680195064634269,2.906862929370013,2.6007693645346834,1.2135019089690426
5211,0.7442915069836747,3.0433426599837485,2.5940775204973536,1.3140600890535243
5212,0.6079028305202644,3.15321018057034,2.5748873010241926,1.3486522757481085
5213,0.44651106292879134,3.2549101302036387,2.5693588939259735,1.38963972596827
5214,0.5060060416730576,3.3583944506144547,2.5959519823181867,1.521339232158537
5215,0.6472637303970314,3.4577305190972654,2.6548040810183418,1.714627374629588
5216,0.6647815772721339,3.5357582912897714,2.7372286434681037,1.9146053015329492
5217,0.5682976900815121,3.573023307513492,2.8538126237009096,2.1158620407733224
5218,0.4271863999720005,3.556478647343558,3.0148592954562585,2.3267658160260143
5219,0.38750896520637784,3.4893336776846073,3.2076865312612752,2.5941986047611336
5220,0.5754772083072061,3.392297189424246,3.4105845141103055,2.9556119302527675
5221,0.7618432413780613,3.3005883629173467,3.5992383934413,3.3120099025037035
5222,0.6757553864755658,3.2546417817691515,3.754499838938966,3.5468134375469216
5223,0.5098928464416406,3.2921155344471127,3.8759456981039597,3.700920147781379
5224,0.5449892681693038,3.430872964773506,3.9748619792184066,3.8538894006215187
5225,0.7283957998159513,3.650799214108262,4.072477425272016,4.003112204423006
5226,0.9254607041816627,3.9053061056565403,4.176017426245025,4.128433166513391
5227,1.0505272645169168,4.13920852654768,4.284742055165659,4.201867375335038
5228,1.0422840162395537,4.304617557588782,4.37100378882421,4.1994099052532885
5229,1.0643069274770882,4.366741694879272,4.3982252634628525,4.194389445290945
5230,1.3030195401436802,4.327129797826153,4.370851837035944,4.2667275611180004
5231,1.538655590710111,4.264265805762256,4.334501973153317,4.340631442243275
5232,1.5002220621807545,4.268258250439944,4.30626724693716,4.315854213801759
5233,1.3545586612350258,4.358235562682486,4.269576691737959,4.232138062702131
5234,1.3461275362482086,4.509259954419457,4.191705047506065,4.159911273558338
5235,1.4539786805039443,4.674164773044321,4.071528449681391,4.112985810691248
5236,1.5823719831486573,4.79698858818234,3.92018064028836,4.089237148757409
5237,1.5824968127237211,4.843863791081768,3.7484954094439167,4.040618120763907
5238,1.326733862423148,4.811571592625725,3.5680248759721755,3.9184875151710994
5239,1.0327990814152166,4.739206506596951,3.3769659536932024,3.807670147154829
5240,0.9693698481918233,4.677451645076321,3.1713326289341084,3.8051917896560283
5241,0.9436206695851949,4.640510966671422,2.960357035906541,3.831025484964949
5242,0.6889851906767516,4.622096177092182,2.7603916304878027,3.7745245765612765
5243,0.3417813215433561,4.611861705564218,2.598782978090903,3.6577012588653104
5244,0.10521526840142312,4.594855012399217,2.496615582843011,3.5364367007855884
5245,-0.0033174517405051285,4.565522887720516,2.4384916695054217,3.443324717841355
5246,-0.027912367815879663,4.524257145128219,2.3952436740811605,3.397794645327887
5247,-0.17972389046355872,4.4675177837272955,2.3509973375936526,3.342544450883006
5248,-8.639565726155269,-8.75725653935784,-10.679402729876376,-7.229589666650886
5249,-9.137068494114883,-9.197952493362218,-11.062623279212064,-7.535102940824818
5250,-9.413983052859829,-9.644868176837614,-11.434541178948999,-7.699590770063195
5251,-9.59647846795917,-10.069390176264486,-11.77946927976715,-7.790654157767519
5252,-9.864057979363865,-10.460653082355254,-12.087095090484882,-7.914289104333135
5253,-10.206694623576634,-10.85184791858914,-12.36207157683786,-8.115350584364975
5254,-10.577542279415306,-11.276638833135396,-12.61569768421533,-8.407827825990326
5255,-10.854827133484235,-11.699792889304295,-12.856253764389692,-8.718006982666202
5256,-10.94786683796372,-12.082830121489971,-13.092507170119866,-8.96499393069193
5257,-11.089805025047822,-12.45250861964762,-13.335692332785058,-9.217072070294515
5258,-11.51340686126901,-12.844780435217874,-13.595075229757834,-9.553554723905657
5259,-12.02385342005011,-13.272249680167368,-13.874677882577416,-9.900678508839906
5260,-12.373547490119051,-13.726565253118919,-14.17567969891985,-10.17475858249108
5261,-12.617208823772877,-14.154892150138359,-14.49968928566254,-10.396030361412896
5262,-12.855039938395862,-14.49642154420842,-14.844342499694859,-10.604781953754243
5263,-13.112141509798912,-14.731075893708178,-15.200135866526905,-10.845002829948806
5264,-13.392152513252425,-14.866570339080738,-15.55513968965597,-11.140473294460222
5265,-13.534700099538536,-14.92631615414142,-15.896027319947775,-11.396453524964477
5266,-13.411866915607028,-14.950495444008011,-16.214115143622802,-11.517910546806114
5267,-13.292956024357895,-14.987429403368884,-16.51305809978033,-11.57185737878136
5268,-13.45166315783215,-15.069990192039826,-16.79823216428923,-11.651657890196606
5269,-13.710974801037162,-15.20489160809311,-17.071833467102866,-11.743699239712454
5270,-13.828015319692165,-15.369069553969398,-17.324779951558103,-11.814757996497285
5271,-13.79774978629989,-15.4935543959267,-17.533919765592938,-11.862874458763956
5272,-13.679900963446881,-15.516171826800264,-17.674050792732217,-11.878989900770968
5273,-13.615879590747037,-15.442148864167377,-17.739487010762097,-11.860483422737044
5274,-13.725861743354608,-15.309546577855873,-17.754687651714224,-11.804306186334228
5275,-13.804429995804291,-15.160884650686304,-17.758220055509817,-11.646888294882311
5276,-13.629670992651644,-15.035607871915447,-17.76658205767126,-11.348947551880329
5277,-13.393166685293508,-14.947011026888216,-17.77513896491229,-11.01798768636199
5278,-13.315569631273778,-14.888156457339722,-17.76099450379627,-10.768396182607512
5279,-13.263762137985445,-14.844095875389606,-17.701795976365673,-10.578413452980712
5280,-13.069853103023283,-14.799952206710088,-17.58057762106136,-10.386756420775283
5281,-12.725155539026018,-14.750856425157908,-17.385795690848425,-10.144113283221952
5282,-12.265223508166033,-14.70243189650581,-17.131989741709347,-9.807038674734963
5283,-11.86867044499122,-14.673896459725297,-16.84102603667363,-9.413812536354785
5284,-11.666964204825375,-14.67849845139185,-16.553867036126167,-9.000460700863085
5285,-11.33473010619641,-14.70135437880335,-16.316719160979385,-8.447152808822112
5286,-10.548956426451047,-14.713751028950375,-16.11653881400351,-7.647561849857843
5287,-9.562856132532119,-14.67941910675875,-15.883152828956938,-6.694870169339382
5288,-8.699707695150618,-14.567561802408855,-15.570512612684146,-5.7253831033507545
5289,-7.916041233541864,-14.384033884854277,-15.181413568659519,-4.796906577853452
5290,-7.090396396691217,-14.14095599216262,-14.737940444071471,-3.9366947378539594
5291,-6.080509904350641,-13.81523765057976,-14.271655637977206,-3.126364989748195
5292,-4.806245287807449,-13.388124477662874,-13.810228681454296,-2.3279165743436456
5293,-3.5986939313009656,-12.878584830971162,-13.358205180012114,-1.5693393318993585
5294,-2.8049829802416397,-12.324809805261301,-12.906350210134788,-0.8901591677298655
5295,-2.2280429154009873,-11.776562988520078,-12.442843833709933,-0.2501180638895617
5296,-1.6029003351818933,-11.286540495241335,-11.95800921765179,0.3733160391853241
5297,-1.0676705059004816,-10.89047679405668,-11.456361478935625,0.875278151120771
5298,-0.8031242412485922,-10.603259701072359,-10.947073075930012,1.15206852108102
5299,-0.8266250328999132,-10.430401896564595,-10.431580565225593,1.2083912474695788
5300,-1.1053715539383782,-10.355801056652,-9.907867148480655,1.0895454142971182
5301,-1.4548556575195302,-10.311184929060564,-9.370267143083815,0.8722502998534731
5302,-1.7078288402110737,-10.239764540529249,-8.813015747799525,0.6113128115387045
5303,-2.0725206340087383,-10.17358815570656,-8.238200415069644,0.2217719330764385
5304,-2.7791736910652354,-10.160599629077863,-7.6498210355979435,-0.4008096981063666
5305,-3.626153144214073,-10.199619102807688,-7.04896246332704,-1.2368623054986547
5306,-4.382939161787886,-10.26442770099445,-6.435088799515852,-2.2325454994597353
5307,-5.163184085623073,-10.303813294448585,-5.799781178776241,-3.35700804292493
5308,-6.227287633038182,-10.287221809360183,-5.17508739322932,-4.642500543978688
5309,-7.6122654132480205,-10.218066759203456,-4.636431507165561,-6.128677819865609
5310,-9.351154841634516,-10.142770998899511,-4.222982237327602,-7.876776966099784
5311,-11.019785185210155,-10.106821240929616,-3.8986320575328914,-9.709555735094463
5312,-12.193179407611147,-10.14419276100176,-3.587592614798046,-11.415571308714416
5313,-13.285148138688223,-10.274881362165438,-3.2308803979198344,-13.067109562162576
5314,-14.798314141586697,-10.48947376159478,-2.8095874021463825,-14.777800186081256
5315,-16.406793739817733,-10.731987862944587,-2.328572049814238,-16.44634689537788
5316,-16.90757404527629,-10.623009067262226,-1.9052434715757551,-17.043948982539384
5317,-17.215927638204256,-10.467288764412874,-1.448481424828572,-17.561872353301577
5318,-17.514451539425842,-10.249044897931542,-0.9699939204545245,-18.02921884450717
5319,-17.896568327996082,-9.983313292293392,-0.49162956857001944,-18.52703612916113
5320,-18.404135967371325,-9.696036881900675,-0.03654183355988368,-19.12599924852485
5321,-18.814032789146548,-9.384720224369282,0.38072074807851974,-19.742353354300242
5322,-18.89314181688535,-9.046998979452574,0.7562468078042639,-20.26099797628389
5323,-18.92013192913132,-8.711814424527711,1.0943406259019843,-20.72309358323626
5324,-19.256662140749466,-8.417196512850808,1.4093553617340802,-21.199646229272048
5325,-19.775408375388047,-8.202341947155412,1.7335834110700816,-21.64899146287528
5326,-20.23639263381615,-8.091654328490133,2.09477354710051,-22.01977982496004
5327,-20.611740699377286,-8.060056104604687,2.4853923650741403,-22.318861145299163
5328,-20.93127340738248,-8.059425595199587,2.885776723995873,-22.575097824633055
5329,-21.336466139132643,-8.057282730241372,3.268528146686722,-22.86965729690892
5330,-21.97237142927526,-8.028375181880797,3.6202843710940478,-23.277429470472487
5331,-22.62785888669745,-7.950913297788224,3.9422310616794243,-23.73100274899149
5332,-23.039072482924606,-7.81674632035037,4.236004750568149,-24.12944113371589
5333,-23.378282797121344,-7.629923246031824,4.501092791221517,-24.508164547481215
5334,-23.887742365145,-7.405591055023496,4.748401753886464,-24.922355259958213
5335,-24.459723902156725,-7.17228886928542,4.992415091769074,-25.31196015284552
5336,-24.920304927669754,-6.957707896206138,5.2426415730801255,-25.60848621684367
5337,-25.218066140186494,-6.774511486117278,5.489304932183912,-25.814023575808353
5338,-25.34735927348507,-6.616445188398975,5.714740221102693,-25.957098470932856
5339,-25.485363392991967,-6.459382336724852,5.892298482116225,-26.11450336048364
5340,-25.813547471923265,-6.270287904337183,6.013989915109825,-26.353246453916086
5341,-26.086437945693547,-6.002962914124369,6.099837368782436,-26.587332692149616
5342,-26.010529161994484,-5.6362412679787495,6.194386172263254,-26.70475264108533
5343,-25.80095985259396,-5.229580335739041,6.305967530620004,-26.75457154564755
5344,-25.766369142049935,-4.866586786521268,6.393564896604868,-26.822342640787532
5345,-25.88084144391195,-4.597071155084527,6.433055634850683,-26.909555342496066
5346,-26.025636541522466,-4.434494366134486,6.446419907072527,-26.99746694664041
5347,-26.07020999066688,-4.326417920674886,6.469093610697291,-27.04654883823477
5348,-25.90762879078687,-4.198690244721625,6.514433097940974,-27.023163978520664
5349,-25.738771103859808,-4.027279668306766,6.572697643064228,-27.01033885927093
5350,-25.814784289212383,-3.819122483134306,6.626585264323302,-27.10267631039706
5351,-25.968144055656268,-3.599167827752894,6.6599751748490466,-27.24119833896627
5352,-25.954612231528756,-3.401613919553632,6.651975110914234,-27.327652255759066
5353,-25.881682946502213,-3.234434520458904,6.576160193303323,-27.351824720493344
5354,-25.909372291820482,-3.0916093523677626,6.4410760786277885,-27.325017464928134
5355,-26.01233621671611,-2.978250097687193,6.30325555554,-27.245195862915093
5356,-26.116724245130467,-2.894854626258435,6.220399043249223,-27.118163192985318
5357,-26.058633332719268,-2.8283594273797448,6.203896964588123,-26.927875686819775
5358,-25.701908529029563,-2.7638000879735616,6.2226536565661315,-26.660932962382933
5359,-25.28202598823468,-2.6818341053783863,6.2272647158311285,-26.376885726700785
5360,-25.089473502306568,-2.575069448896386,6.1845098011063016,-26.139357001267854
5361,-24.98088511988048,-2.476254609313574,6.091021839734016,-25.914186822055363
5362,-24.724062698371387,-2.4273653102535886,5.955980632761702,-25.646798787900924
5363,-24.364966739357016,-2.4471112424638797,5.791672479540857,-25.34652251281047
5364,-24.00996615611895,-2.5304610135557803,5.611627068085498,-25.034838206555442
5365,-23.75168699162814,-2.637627157661701,5.430601651336063,-24.72997260879707
5366,-23.650836620382954,-2.715992722272521,5.258970357205051,-24.44269361516002
5367,-23.484777926637555,-2.7315991356806375,5.100940087981222,-24.097063655162305
5368,-23.00668133799147,-2.673140956622343,4.954187542293713,-23.6230202639093
5369,-22.419739768533294,-2.560187999975031,4.81103714593185,-23.130980502349626
5370,-22.009388247641027,-2.4261098727707857,4.659681420997919,-22.752320909415772
5371,-21.673894279401217,-2.298478727983867,4.483353669205963,-22.436823352505222
5372,-21.233719215490137,-2.190451583348907,4.268322996042349,-22.082258651125
5373,-20.684093597035062,-2.0693762986078337,4.015054708334592,-21.634710708982144
5374,-20.060718534246398,-1.8963513056578865,3.731708479344012,-21.065196484507762
5375,-19.48792065654638,-1.7010486601125956,3.424884735427436,-20.436315229200513
5376,9.64896099154531,-13.813907358513879,-14.62640289811274,12.408791689722108
5377,9.669193738520157,-14.249889345085114,-14.976921514251599,12.501861738221095
5378,9.911430586076909,-14.685069340733687,-15.318413170749945,12.73104150661245
5379,10.208093217018135,-15.088645601227325,-15.660208631250224,13.052309581161651
5380,10.34764453761451,-15.425232890311632,-16.012612027509316,13.38474755903889
5381,10.397823917328232,-15.682620191344187,-16.376865250531345,13.690800442785124
5382,10.474759828111369,-15.862323139247115,-16.74540629514889,13.949560334785664
5383,10.702950928241192,-15.965651046358213,-17.098511185760746,14.190818362564011
5384,11.157373365467734,-16.010856917146555,-17.4162163447752,14.45000147493792
5385,11.584003787208829,-16.050392268203833,-17.69242368347334,14.674050606995074
5386,11.731094395865023,-16.133520851023057,-17.93161457437855,14.802146233967836
5387,11.835275477732136,-16.273966583542588,-18.147099659271667,14.864763156327799
5388,12.172908038596361,-16.459396722995937,-18.352264216351884,14.904944027038745
5389,12.596934649266682,-16.653748957004083,-18.56496753490421,14.902867049430334
5390,12.902848628560331,-16.816333715429163,-18.786431041664102,14.844696851864377
5391,13.058323520519824,-16.92455787094531,-19.00093394673026,14.76857080391152
5392,13.080763103972851,-16.97686162607096,-19.194667660947843,14.715928638534175
5393,13.142410324279355,-17.005408652150727,-19.35269155321944,14.724629022980846
5394,13.385243635995872,-17.047829171151825,-19.44868377020482,14.802871868723633
5395,13.523625758910951,-17.100362937432433,-19.466428690940557,14.856015160833161
5396,13.267703449830341,-17.15131043115585,-19.428398521494348,14.786327794696044
5397,12.835649241304791,-17.22474339706278,-19.38462082773295,14.624910897052324
5398,12.513996906388622,-17.33940280332014,-19.37091608715556,14.429450992342705
5399,12.290298988819876,-17.470667583113464,-19.391497111892374,14.187169266286265
5400,12.065159444709977,-17.589584493833964,-19.421069037330206,13.882597633687073
5401,11.701163218535473,-17.689968929669185,-19.41353002563373,13.516392673738121
5402,11.072762435518838,-17.775029315278047,-19.330958961235,13.095493567231427
5403,10.249287057247813,-17.86221894405443,-19.192338895245303,12.69490108018367
5404,9.36805986169492,-17.966983951748766,-19.05956872653288,12.364653060958426
5405,8.47271096886493,-18.069034551752083,-18.947972275226505,11.974975228787946
5406,7.580348370130815,-18.142323803828777,-18.813244501414356,11.390682578215358
5407,6.7120544224454175,-18.192596367605493,-18.635573649491057,10.668541272387076
5408,5.8667102975584005,-18.229173650695014,-18.452708278881726,9.90434571807251
5409,5.036033449562342,-18.24071726821086,-18.316577726323224,9.11180701901997
5410,4.221116753368266,-18.215488474370268,-18.247008795884426,8.289166020117595
5411,3.4140844909108634,-18.15147780759905,-18.227880407442164,7.417383444529549
5412,2.614823130618555,-18.050107541716116,-18.23172817479758,6.479506201283408
5413,1.9127823056017779,-17.919638089911597,-18.2331873897028,5.540478938711066
5414,1.3591599996329666,-17.767235160264534,-18.20879686202493,4.670418541548244
5415,0.7573816372465489,-17.583439479136796,-18.131824772789848,3.8412843670670576
5416,-0.0734474865803712,-17.353108849744803,-17.985512985853614,3.0119492739816485
5417,-1.0089696061985107,-17.073747283863323,-17.76160024863006,2.2012132706581586
5418,-1.8648507524305553,-16.74000075870666,-17.468261097642806,1.42927367212787
5419,-2.557279553487872,-16.325380535932293,-17.1281329157378,0.7089348961137942
5420,-3.068573312131066,-15.8118600301599,-16.763760728877216,0.031505331674805404
5421,-3.588818842654721,-15.210406572452603,-16.385980506050167,-0.7121124538665013
5422,-4.302515338721205,-14.549259347837744,-16.000648493123233,-1.613752127492139
5423,-5.002024198876595,-13.881730640035848,-15.615435062816932,-2.587105886263581
5424,-5.45773433715525,-13.250316690595058,-15.214051957749588,-3.5168391701241704
5425,-5.857763764313383,-12.630206918948973,-14.751685570493716,-4.403936627666817
5426,-6.424066910812732,-11.980949946023706,-14.198313881205186,-5.281200362369241
5427,-7.101361760396035,-11.308326565160634,-13.559793868924416,-6.178406397312395
5428,-7.778342074553999,-10.628626403741581,-12.86937673544564,-7.128492458415021
5429,-8.325430712242545,-9.933222015569791,-12.168019024901398,-8.105135519006149
5430,-8.663069729259272,-9.22162344138148,-11.477471347787844,-9.075872331354491
5431,-9.04429900264259,-8.535228541010948,-10.795165199009663,-10.113172308847355
5432,-9.725438182684128,-7.908235645017253,-10.104631765583845,-11.27519161699997
5433,-10.490227498890995,-7.314778893720574,-9.378711063668513,-12.453836071600882
5434,-11.078501973358577,-6.7193950786739585,-8.58859816624916,-13.53221048352103
5435,-11.620452835833689,-6.122460859706869,-7.731076543647821,-14.541405765257963
5436,-12.35199599631518,-5.552605310631574,-6.882966287202404,-15.56652622098315
5437,-13.255442315917213,-5.119314978288668,-6.18832625511155,-16.627042719732703
5438,-14.304216584657423,-4.908313740386567,-5.725197837991423,-17.73970634927669
5439,-15.17919464096595,-4.867982786797385,-5.459308092962131,-18.788825986122248
5440,-15.605505884566371,-4.8802936774262715,-5.320066500562549,-19.65656830091194
5441,-16.03795010885092,-4.855263596343185,-5.252901231996691,-20.480673015643614
5442,-16.972810039746822,-4.7347841582444286,-5.234842256796547,-21.406842306866892
5443,-18.079259985285997,-4.532508296189074,-5.244180226715568,-22.302076804021915
5444,-18.682340273752242,-4.106328296605174,-5.040627600277951,-22.992259664948257
5445,-19.11243044353414,-3.6916240546655392,-4.800695615064069,-23.50684524842125
5446,-19.557328929391563,-3.3019399985354165,-4.536544472072653,-23.901859701096882
5447,-20.06461063229076,-2.9773629135496877,-4.264887600762212,-24.219120791046656
5448,-20.623963776933735,-2.7428735528752295,-3.9965133156594446,-24.49013439556409
5449,-21.043857520153185,-2.5764280465575915,-3.7412877154215405,-24.684646505225587
5450,-21.127477262232855,-2.4341939784953333,-3.4933042709475566,-24.766044636537913
5451,-21.088626358091947,-2.2627825110521775,-3.230879667895837,-24.813450413709454
5452,-21.214734096971075,-2.0178882532597813,-2.9460773146407186,-24.91751617978364
5453,-21.3649941019992,-1.7068167945436916,-2.653313030079879,-25.032442577395123
5454,-21.32984871125937,-1.3609587814787765,-2.3726065984353286,-25.086917119788172
5455,-21.205785427175552,-0.9842387012742414,-2.124846659963416,-25.09252872393411
5456,-21.142210745699074,-0.5821699637709262,-1.9104774353896712,-25.079902809583558
5457,-21.230346751673466,-0.19722177589207046,-1.707013051478559,-25.093059599369457
5458,-21.505797770486442,0.13178653314572455,-1.495128459635606,-25.161729599673514
5459,-21.70626130010612,0.4032006375359314,-1.2801117456288231,-25.180740327116034
5460,-21.55480486107875,0.6370725220385864,-1.077488325380965,-25.036104741291627
5461,-21.285330390622523,0.8726754926032838,-0.9001247261349253,-24.813961540303513
5462,-21.230251962813867,1.147962475606164,-0.7502789602573736,-24.6443028427283
5463,-21.29310650487875,1.4660651855657025,-0.6241542574387254,-24.51102648507953
5464,-21.275443019514015,1.8070845483996663,-0.508168280112533,-24.363114092574524
5465,-21.13889515562213,2.135479013947756,-0.3826007883607272,-24.199385222358902
5466,-20.8827584986525,2.4152689040351634,-0.22619296969620953,-24.01841271182556
5467,-20.61306077857302,2.6501463192536763,-0.023668582287118822,-23.832853629095943
5468,-20.458752189567964,2.8547122324662455,0.23521692756400603,-23.654028039713715
5469,-20.263139131650455,3.005974254279157,0.5529875162159268,-23.405259069729492
5470,-19.849877318179324,3.0805742232442945,0.9221096074218296,-23.0115622977589
5471,-19.460872056781024,3.089855279867542,1.3267184775444014,-22.54834467912772
5472,-19.379240201454447,3.061027007332788,1.7324876736191848,-22.119644081219302
5473,-19.502545896705314,3.032880145906764,2.0926430248897603,-21.711387931642278
5474,-19.614866586235312,3.0404985261430775,2.3886947915416323,-21.28304480890814
5475,-19.55077547924888,3.085026577216446,2.6360343593708158,-20.825275529241573
5476,-19.200374758464758,3.144844956708244,2.8472885092856135,-20.34037969291704
5477,-18.745911058278097,3.1963794679910427,3.0230904926506916,-19.908721180658514
5478,-18.436400423904463,3.2156311393272228,3.159837982621682,-19.604448400430655
5479,-18.124236838373363,3.1727634833849723,3.2710477474089106,-19.315523147921834
5480,-17.601463148448783,3.0586236230176644,3.373411364214832,-18.905342449939962
5481,-17.06016425129066,2.9246824071516597,3.475385947115508,-18.42769916203581
5482,-16.729839314011617,2.834924755687972,3.581044130737414,-17.984267004351096
5483,-16.55024752258998,2.804500589868605,3.6894120264520347,-17.606102222941313
5484,-16.372010670945095,2.8238935485788343,3.7947124610317675,-17.291795518442967
5485,-15.973661281757064,2.8779047682522383,3.8903020125634873,-16.95893774136367
5486,-15.187432749271531,2.9446682359857443,3.968930460478012,-16.51233147560516
5487,-14.292779800103494,3.0122397631586897,4.024110968773221,-16.00311987810351
5488,-13.653493323649236,3.0776623687915525,4.05115860748053,-15.518165601760048
5489,-13.139553813938967,3.138053586853489,4.043880071231739,-15.024306941272231
5490,-12.510208974877306,3.193598112249968,4.001397581700075,-14.466678945058952
5491,-11.83457004782611,3.2489891361676935,3.938091313139067,-13.8602988862033
5492,-11.231734467183012,3.309036607860824,3.8727577639526674,-13.227666135404885
5493,-10.751224518379441,3.3742816803743176,3.81747607286453,-12.57740638302905
5494,-10.40895573086526,3.445704021839777,3.7774699818595976,-11.915880572056182
5495,-9.994346077576354,3.527747490470488,3.748081910514981,-11.19693535272005
5496,-9.2880911568933,3.6253273709483556,3.720004324607663,-10.385865873734591
5497,-8.50828043059118,3.7482827428013765,3.686196560336162,-9.587720870764674
5498,-7.945844604780865,3.897916637285655,3.6453926097717515,-8.92431047726517
5499,-7.459530738895937,4.044713145285504,3.608337879108805,-8.374373382470951
5500,-6.833410942245493,4.1489147095514465,3.588604965854883,-7.870818886799722
5501,-6.117907678319663,4.189410252978956,3.5920113725304397,-7.380752924726061
5502,-5.4262882443113565,4.157114335119833,3.6154319363129277,-6.883174280046076
5503,-4.90083991894759,4.0420768550139785,3.6415999392032194,-6.40846705265496
5504,-5.598215239688809,-8.407964844309191,-9.496629580653476,-4.628695216846794
5505,-6.126372346503023,-8.784581792204351,-9.953666188288809,-4.998161378950532
5506,-6.389874279256491,-9.145795923619247,-10.409998355593842,-5.304075050287111
5507,-6.582889990087255,-9.46257715422132,-10.84826660192772,-5.602502629472332
5508,-6.947989811702255,-9.72112150649115,-11.2662814206827,-5.9523309463348815
5509,-7.408164039237831,-9.957866042165856,-11.670760446081616,-6.310523292130611
5510,-7.828182211279166,-10.220778048949834,-12.076421577226363,-6.622574578419796
5511,-8.097052300811901,-10.534410645650507,-12.502737888404303,-6.864400311544942
5512,-8.147796473261627,-10.907673250512667,-12.957231946011301,-7.038256806928346
5513,-8.188005152473513,-11.336052359413749,-13.4199788326784,-7.246205468018818
5514,-8.434288788217287,-11.79411058447226,-13.859967283065474,-7.578555595233872
5515,-8.69147097546898,-12.240830500917388,-14.24782456373201,-7.9295199547293445
5516,-8.73617436923723,-12.635244165014461,-14.567830001040088,-8.176635903640534
5517,-8.740582764760921,-12.933153907227132,-14.833403556571458,-8.388259384173026
5518,-8.907136402562484,-13.119074024060284,-15.072374027205344,-8.649671650436773
5519,-9.190020797034832,-13.260613704717075,-15.317573051908946,-8.927726903273413
5520,-9.49348073711434,-13.432894206740963,-15.589011444786598,-9.165835930524464
5521,-9.688287859451638,-13.627589456031755,-15.863397892973964,-9.292473042432142
5522,-9.684094300515607,-13.81525900282875,-16.108124768657653,-9.262083532130248
5523,-9.716625753479331,-14.000288139076286,-16.32133129536206,-9.187567047439355
5524,-10.014061892819543,-14.19048051198997,-16.514135488963113,-9.192694978793343
5525,-10.305506232137173,-14.388429856504267,-16.69808040471193,-9.210605971838257
5526,-10.293121410784405,-14.600858105574186,-16.88848313096361,-9.154396330635423
5527,-10.145907609078035,-14.83153779118079,-17.10107380815987,-9.076147393622774
5528,-10.098661530280657,-15.080409063844598,-17.341643123308742,-9.049272008702244
5529,-10.183796980037101,-15.350001369241637,-17.597157744048687,-9.1168209898286
5530,-10.374122828124968,-15.636293678340216,-17.847920706258325,-9.300227954747582
5531,-10.497196698434083,-15.920133027264388,-18.080079191952688,-9.526769243544196
5532,-10.410633660868418,-16.18201084134246,-18.28510243947833,-9.720828304500142
5533,-10.383212949128335,-16.406125690838483,-18.463090375067452,-9.951711860567778
5534,-10.702548931748005,-16.58961250469063,-18.6199829326194,-10.299421595779979
5535,-11.205824712605825,-16.770701407689184,-18.759433215767668,-10.716867635027036
5536,-11.656942743494582,-16.98375375779378,-18.88716875991223,-11.135796802220977
5537,-12.040100935379883,-17.200429535541726,-19.0138141313196,-11.520689871403812
5538,-12.39012145364584,-17.3824589423331,-19.147862987654175,-11.853592333958899
5539,-12.817350755532244,-17.52791429074995,-19.29510015481844,-12.202170865443465
5540,-13.409251920306412,-17.64906870934852,-19.44906728358476,-12.62137626978989
5541,-13.93204014339965,-17.772938870031734,-19.580146499593322,-12.984696542876417
5542,-14.150403630352647,-17.923527067985887,-19.65290340319397,-13.157978271945248
5543,-14.257488296663666,-18.083140995913592,-19.638322075296376,-13.193410014441564
5544,-14.492037409377499,-18.220381970748893,-19.525339634475802,-13.179692861780786
5545,-14.772011108439576,-18.323874396177516,-19.337452112348373,-13.130559042816872
5546,-14.965319016311927,-18.381085763450393,-19.11010304564119,-13.045397935219887
5547,-15.030670020188026,-18.37347670693897,-18.873924315732683,-12.89524986559122
5548,-14.952141857119583,-18.284057095379872,-18.64456550489382,-12.65543555155122
5549,-14.867028236656905,-18.078496469998132,-18.39527582333687,-12.406838942389179
5550,-14.895205769093339,-17.747868180915507,-18.10557355674652,-12.232595491430079
5551,-14.787755084158258,-17.361747946776475,-17.77456406368521,-12.077063567584098
5552,-14.308675639800592,-17.005864765487114,-17.44606887172115,-11.866554011095559
5553,-13.705772686096726,-16.73115161105173,-17.144880023848078,-11.635878376767337
5554,-13.274711695464866,-16.547447319641307,-16.882694851265928,-11.421506669690707
5555,-12.973633573192599,-16.398569929116718,-16.62874651884843,-11.182742886838525
5556,-12.682485800306955,-16.201665738807435,-16.335335846137227,-10.874637613199766
5557,-12.284009010809683,-15.89666221302411,-15.977034859812948,-10.461092825780595
5558,-11.696459497490984,-15.45493388840565,-15.540649418230045,-9.933634609067182
5559,-11.134179185584166,-14.892612581078613,-15.011356241915761,-9.40909309882313
5560,-10.819271572407096,-14.25385329759035,-14.392301402419491,-8.99581337964789
5561,-10.517926564596737,-13.593665231049437,-13.727324820276587,-8.592550297969083
5562,-9.976341225909989,-12.952546795840137,-13.056149951283206,-8.08721053015311
5563,-9.405987345807496,-12.312668007063717,-12.40238605397244,-7.565696459062641
5564,-9.090129209202708,-11.66792115309408,-11.785732432711098,-7.172579017597075
5565,-8.946211271839474,-11.062824874046981,-11.26114085033352,-6.929699456736645
5566,-8.853028723391105,-10.550591059564212,-10.871531074528262,-6.840498980876686
5567,-8.565855432498553,-10.092896976837336,-10.58382081476972,-6.751966399556236
5568,-7.920775466692521,-9.624232846846716,-10.331928084033153,-6.514528496702499
5569,-7.37462916203643,-9.1135041822193,-10.073360047589833,-6.285451704556239
5570,-7.3979032428482565,-8.56339614438485,-9.791601967552058,-6.261080512520478
5571,-7.677834763933994,-8.03916941537283,-9.515352154599421,-6.352973949806527
5572,-7.411685703866655,-7.618606070025243,-9.182956714059577,-6.02249501965005
5573,-7.067835369393994,-7.305322046274093,-8.906638339297109,-5.720025906142418
5574,-6.8083097245310595,-7.070714743522033,-8.669314194471108,-5.479628138592361
5575,-6.654160134448433,-6.908665023186618,-8.465488291388102,-5.280526213495168
5576,-6.572904340985437,-6.805823975603236,-8.286406065457664,-5.096484482815803
5577,-6.382139283854047,-6.7038289814854455,-8.10921340992308,-4.904718811656445
5578,-5.908111427312466,-6.549209304072791,-7.910151069628867,-4.690377461344084
5579,-5.3819990097580765,-6.351539235648729,-7.67312750036839,-4.499953547968431
5580,-5.095837723775384,-6.140770067302689,-7.39050122710913,-4.382690569260552
5581,-4.881033674824274,-5.9216030923822185,-7.0619364561317735,-4.283702084745236
5582,-4.488405826786662,-5.69632519623933,-6.699107533632354,-4.131026449363518
5583,-3.9958539860275835,-5.468907976662341,-6.3366860167001775,-3.947016082496992
5584,-3.551279418958194,-5.2443389691507605,-6.009869749951555,-3.77254340119675
5585,-3.2512630881952034,-5.056970573050341,-5.7234008942868755,-3.613150449191023
5586,-3.1520963657118974,-4.932855718282303,-5.476054609479726,-3.4621781040773105
5587,-3.0431579518292935,-4.8352508452536735,-5.242023574068228,-3.2566427251656456
5588,-2.689068457887177,-4.706948401176153,-5.014917358624354,-2.9451048233034602
5589,-2.305587538833341,-4.506082070380844,-4.8156951686812715,-2.6342335295938484
5590,-2.1795884791302997,-4.211648862788028,-4.644370643521843,-2.450961173445597
5591,-2.168335255266212,-3.8565929775480967,-4.467724318923124,-2.360119952263669
5592,-2.0410788744670674,-3.4912960737312817,-4.268356211578463,-2.272185459850543
5593,-1.7751296920107695,-3.1244549983411174,-4.02843859904004,-2.134083562524803
5594,-1.4062800885486533,-2.7482330402142945,-3.7417275535391736,-1.903795388261631
5595,-1.0671774864967114,-2.3531073016808284,-3.4084164578675,-1.596158368829152
5596,-0.8930251621140168,-1.9303299467198465,-3.0406036583165754,-1.251983920560276
5597,-0.6799804649167374,-1.510036901500223,-2.673397111616803,-0.8217805164280656
5598,-0.19162169889814196,-1.124216820413077,-2.342582397109999,-0.2663556370608773
5599,0.3363016597937476,-0.7358877740291858,-2.058211267261789,0.2775348608399625
5600,0.5952703208754981,-0.29834178409804196,-1.815193718784612,0.6541355885258364
5601,0.6701531597689485,0.16981021513496164,-1.597600665936074,0.8770835334985173
5602,0.7429133341946598,0.6326089118841122,-1.3888330806374602,1.011306600139234
5603,0.8864057452330216,1.0772532039266556,-1.197099751640168,1.0824093673844852
5604,1.1343413968460556,1.4960089423611582,-1.0370365721763695,1.1091024659550948
5605,1.3523997449274612,1.8932843914068638,-0.9031398712585087,1.0452108910371607
5606,1.3811571145613306,2.274810603342746,-0.7822637037886034,0.8482776928867592
5607,1.3810263592002978,2.614464211650469,-0.6629224010013425,0.6487418406625449
5608,1.5615001610877373,2.88344968556209,-0.5343053280602671,0.5943078100325281
5609,1.7971277316995562,3.0828188452108822,-0.3915231404988712,0.6364821475618423
5610,1.9036855336914138,3.2326206174083945,-0.23797495296850177,0.67156297942008
5611,1.9018612179261551,3.3709096979969453,-0.08317080179614256,0.6727225547383029
5612,1.8619580788085,3.5345768002773994,0.05935023702011452,0.6353618474128254
5613,1.8828602993596042,3.73251626353853,0.17095665211922895,0.5908874521462708
5614,2.046188634409504,3.9454650345466664,0.24002943843010627,0.5833929445412798
5615,2.157355907448877,4.125017842472895,0.2751779007371767,0.5631728157013157
5616,2.002906234983079,4.219130655764402,0.2930579751430591,0.47023234173745754
5617,1.8145290548659982,4.196866388809001,0.31683496458863936,0.37525537977052215
5618,1.8855254572158293,4.062301213036797,0.35987127702762467,0.36534302063401325
5619,2.0865276852382952,3.8851183389164428,0.38510951091648915,0.4092720614289289
5620,2.198463494643594,3.7500054102978226,0.3616614411003187,0.4487663962322579
5621,2.1770558559778754,3.684251001667513,0.28432090885939687,0.47087338137651746
5622,2.0436341752815395,3.681570666783571,0.19820346305321884,0.47599066270346874
5623,1.993526356304813,3.7224154470468998,0.14980471263391515,0.4979472226059475
5624,2.225428785261096,3.7739619551660546,0.15112941008775468,0.5748783194001383
5625,2.5091553381825262,3.818067366607434,0.18902915337939066,0.6573221893325828
5626,2.5460528172945356,3.843717487560604,0.23049550810617297,0.6842137811292288
5627,2.50366229956958,3.817859590221748,0.258337077448751,0.707006480520165
5628,2.6336051491052377,3.7186318023439093,0.26887467894268,0.789577926533196
5629,2.8831191477923,3.575729295052686,0.2676293311904687,0.8956996474944494
5630,3.1248655413461783,3.4371867015590394,0.2699121540542019,0.9697844440676935
5631,3.235001474045833,3.3339925376590585,0.29884267656592023,0.979738414779671
5632,-8.022917923363075,-12.265063866756151,-15.498760798029728,-6.675631086535284
5633,-8.660816816034048,-12.745563500924904,-15.864527266479971,-6.838755482748013
5634,-9.081194876523805,-13.323790101764608,-16.258880918639363,-6.951947374190377
5635,-9.47461855365071,-13.898577729345979,-16.687982917546734,-7.116135743416287
5636,-10.056768319474584,-14.360843174179907,-17.150273546163845,-7.429171546316745
5637,-10.708534026118247,-14.739724598706074,-17.64310310303625,-7.833869103481492
5638,-11.27195005860311,-15.106045814437412,-18.1604472369937,-8.236461589122678
5639,-11.710358039367387,-15.499378005828103,-18.691016472279802,-8.559629601719404
5640,-12.034201580512594,-15.943416849428973,-19.22949107187724,-8.75858113021067
5641,-12.449529063614696,-16.410420904851353,-19.76772381690096,-8.934104723702754
5642,-13.115047990787534,-16.852913782125967,-20.305443504166597,-9.19470969027738
5643,-13.689665799935659,-17.272098464359534,-20.850240302785497,-9.441832111114302
5644,-13.824885910864568,-17.672693930890674,-21.38423115566719,-9.561133307418787
5645,-13.739456076748871,-18.013955517161797,-21.865662867455082,-9.627294046223254
5646,-13.74950482577062,-18.260921175502887,-22.273089099708343,-9.735848370204259
5647,-13.888855101212862,-18.41845904895199,-22.60018805189821,-9.885525036172217
5648,-14.122272873433399,-18.511833413499783,-22.836774314412498,-10.051993750636925
5649,-14.34134107083802,-18.586677810987414,-22.992429090426313,-10.174646863239849
5650,-14.4349680932678,-18.687631974849737,-23.1012210942748,-10.203333993005458
5651,-14.596154723958954,-18.821102624317472,-23.196079744870218,-10.236125537805954
5652,-15.007698114392829,-18.973741019817666,-23.28440516321491,-10.375020342090993
5653,-15.37953929633857,-19.14292304190052,-23.351529365267744,-10.521054150693463
5654,-15.40841212319997,-19.320594558232926,-23.37855848297567,-10.569009409082444
5655,-15.252837732789931,-19.464907534044364,-23.36402970141264,-10.603566249401778
5656,-15.149453720874694,-19.54984278347854,-23.322875630552165,-10.732974817710065
5657,-15.142516191334739,-19.629819344904913,-23.27625426431434,-10.981457518572793
5658,-15.229097434010459,-19.762800059105423,-23.231216660508004,-11.335337146208046
5659,-15.30245634629818,-19.930819176610363,-23.17276363603436,-11.700034901766735
5660,-15.26062291800755,-20.09745229616921,-23.084779691959735,-11.979887844941729
5661,-15.317661393067416,-20.240834424160244,-22.969297255949552,-12.237235739422667
5662,-15.676637490810052,-20.35107046409339,-22.846187052814415,-12.555615128591224
5663,-16.08796992989223,-20.46457721953883,-22.72509053628077,-12.866007073220896
5664,-16.269057782791375,-20.61825983232581,-22.607920597461973,-13.094972799263163
5665,-16.309893580311932,-20.784803323513973,-22.51739086416681,-13.295441867610643
5666,-16.36407727231618,-20.92116567075469,-22.46224349419609,-13.527293972618631
5667,-16.483866574856897,-21.003976185286877,-22.426168763730985,-13.79938690603335
5668,-16.68130904401589,-21.021898095174635,-22.374594102009446,-14.0856438671708
5669,-16.76738140457497,-21.000683449579995,-22.27501809397463,-14.266152199935794
5670,-16.580412652935102,-20.965352647664336,-22.11420329875262,-14.234738936842524
5671,-16.403346450596185,-20.878617963549967,-21.889434773983123,-14.05964906966703
5672,-16.530567084312654,-20.69736051592082,-21.607858561983445,-13.855368950077066
5673,-16.780770213972446,-20.425528501507262,-21.26963436485582,-13.642130061244155
5674,-16.89403657472119,-20.085856193426988,-20.87609504113745,-13.427755510874556
5675,-16.819355464316995,-19.714584643275817,-20.438221998693894,-13.260973329041438
5676,-16.576676800220522,-19.34572118433931,-19.96662708682156,-13.166208627615465
5677,-16.338896604736128,-18.973271418804313,-19.467538669269537,-13.127883797565797
5678,-16.272411149192084,-18.58022988748502,-18.93748998299143,-13.10353224717914
5679,-16.15618541555509,-18.171314287850148,-18.368390991939847,-12.990084456590347
5680,-15.757238461778938,-17.756055119304094,-17.742534423276314,-12.707541053250413
5681,-15.327365309263785,-17.346818590240282,-17.042512490780325,-12.317418259755541
5682,-15.14786071875178,-16.95237249478172,-16.2708487361969,-11.917326893464809
5683,-15.091651101492692,-16.554588000999473,-15.451157911833217,-11.52718525983295
5684,-14.97328054494967,-16.135052416963134,-14.609460351763781,-11.15335531753931
5685,-14.755641263407506,-15.70612522687121,-13.771835351167784,-10.814771571128407
5686,-14.443792373295185,-15.28805431357293,-12.937631017664085,-10.515328908235762
5687,-14.198548095332521,-14.891938574217582,-12.078977319524785,-10.289890557838715
5688,-14.151926571709582,-14.51851601087513,-11.171306954646239,-10.138260013305521
5689,-14.021337345776871,-14.154190066040494,-10.197133502663881,-9.891847339183718
5690,-13.519577792729658,-13.772394527106663,-9.140155595699751,-9.4005558858538
5691,-12.852149059627676,-13.32677524197819,-8.00866286465932,-8.7438082874115
5692,-12.311105558269148,-12.807331620213523,-6.875069722444589,-8.072625173752904
5693,-11.836808623521883,-12.260829801789333,-5.848790296128932,-7.427766060019427
5694,-11.34320063204996,-11.753966152439185,-4.96455341623961,-6.840612995242466
5695,-10.748133580573104,-11.260138284358185,-4.173736869712507,-6.303750054191607
5696,-10.013669193568184,-10.726767954150036,-3.429416837480317,-5.803324482007451
5697,-9.453499677931058,-10.156355454643665,-2.7149225536980257,-5.428993271635092
5698,-9.348237492310833,-9.56246799807083,-2.033256247128147,-5.253093832923335
5699,-9.345343323428226,-8.940669575022312,-1.399625108415052,-5.159555622063265
5700,-8.554874726695209,-8.20960760313832,-0.6614164516213669,-4.610795282332038
5701,-7.593371381035033,-7.455319673554174,0.07534409480653145,-4.054247048728709
5702,-6.717895963712307,-6.679164004565075,0.8048609329886507,-3.5494147273158796
5703,-5.966977366707595,-5.89625392529362,1.5237077105923147,-3.1023490890553362
5704,-5.319466632066012,-5.131085441547146,2.2215190458048744,-2.7048115218942
5705,-4.68691023643596,-4.410141010524188,2.881022038579582,-2.324569176354327
5706,-3.9658014053108746,-3.754589998990727,3.502272865419017,-1.9235915395424177
5707,-3.3332058330143743,-3.1829504257496457,4.105744705943322,-1.5425913232369615
5708,-2.9815781431117028,-2.693995448308777,4.704430267683212,-1.2284669936857122
5709,-2.6444062778970996,-2.2334454491978852,5.286269414699525,-0.9070114419244587
5710,-2.0061238420769927,-1.7435358807968884,5.825936209410302,-0.49641482718157076
5711,-1.202768838076817,-1.225629160312452,6.299514508135135,-0.03976347946390782
5712,-0.4799523993041044,-0.7136594406545832,6.690448747158963,0.38507162676013756
5713,0.06464088463878864,-0.249745356731205,7.004695181282388,0.7248836444571226
5714,0.4073371282621938,0.1227473948913403,7.262460749330228,0.9516492384038924
5715,0.7642329570189106,0.38085028956442557,7.482350782971345,1.136541435538522
5716,1.379720456690166,0.5312868208471551,7.682331435095353,1.375407352884817
5717,2.0462194608100224,0.6085959573533072,7.879844625070306,1.6311443959862952
5718,2.4764143360158015,0.665786162069707,8.084767953525438,1.8443014485057163
5719,2.832480922950493,0.7707790322667981,8.293808399037086,2.096234735623904
5720,3.3566443194591904,0.9730237107981042,8.496422047080934,2.4727185475533178
5721,4.010557927033298,1.2573137652267676,8.68512160874104,2.9230133154959135
5722,4.694420289985437,1.5761817547591854,8.852639622728164,3.3618395374115573
5723,5.31395063856267,1.8940668300781,8.984990709924245,3.7272128812913614
5724,5.7886292413863085,2.183959230736642,9.077748938440736,3.9869712249817675
5725,6.297739887090808,2.4241340898426014,9.136330893682178,4.224561234543189
5726,7.03226793806939,2.6130936806408855,9.182552326815149,4.545110477303587
5727,7.714852051068144,2.7886762322676573,9.250465126392008,4.9136998817454165
5728,8.01269440094084,2.9875427312301444,9.35734526508954,5.254387468287242
5729,8.075039486725306,3.19590289505333,9.495656490071015,5.560768811923744
5730,8.163830274959583,3.3789538402929353,9.652013186484618,5.843762704167198
5731,8.334375448322564,3.5003614696133356,9.812538405639689,6.116258178660369
5732,8.574786760239524,3.540166787840893,9.965277219076143,6.398733003403752
5733,8.734307389123003,3.5380966350389227,10.094923941619669,6.676046934202645
5734,8.652607625724267,3.55544932144069,10.193265237420915,6.924698571459465
5735,8.54969716594198,3.623248936512461,10.272929616017882,7.181164817499586
5736,8.696389847193966,3.7479639296695004,10.350958614455912,7.478574955990011
5737,8.907623674761696,3.9096024541917567,10.428569762681485,7.756689659452754
5738,8.915158657826662,4.069854976349684,10.498621752039249,7.94437197752282
5739,8.762449349693933,4.189109788609911,10.552447931658042,8.042779882496012
5740,8.57118110805351,4.242414860178009,10.578853074523476,8.084588960678856
5741,8.440437788435,4.244564501575331,10.566293382781334,8.129347933763599
5742,8.448225724991891,4.228905845427061,10.508747476942778,8.233923646576411
5743,8.430249014040685,4.211829973552957,10.410692817513267,8.359400152672706
5744,8.195558082448596,4.205419175546226,10.281717226693923,8.443214313994089
5745,7.948457936415056,4.225856304844599,10.131691325860542,8.529395854589016
5746,7.949397207714389,4.279619762755987,9.966555719207578,8.669949305150235
5747,8.078454426217462,4.374711757325896,9.780315816296296,8.79963341798011
5748,8.134414964421104,4.503716115734865,9.561564016041356,8.838226931033601
5749,8.083630092763274,4.593907677043622,9.304880617907607,8.783864392201284
5750,7.946776676729856,4.580222572867946,9.008645820103174,8.661921889428347
5751,7.859410653249802,4.496296282207746,8.67013294620693,8.521447612650316
5752,7.963766919146264,4.412043701844905,8.293489528811513,8.412271789387301
5753,8.08347449112204,4.398175389399652,7.899818191738216,8.282929130702774
5754,7.9970282568272975,4.494655856392748,7.514048444868903,8.074922267778913
5755,7.876812614092625,4.611618775458891,7.149012472220197,7.888371193517419
5756,7.954080960496162,4.633980834998027,6.8108435761542605,7.837578733236572
5757,8.135045733457797,4.5774112706592645,6.504918930226685,7.8868052693046335
5758,8.265147463957122,4.506803763383686,6.233204243763456,7.952472076765777
5759,8.294474200901996,4.464908841563765,5.991597554135903,7.953446609783211
5760,-6.704378109425548,-10.936987665612477,-9.225508261106823,-5.339826492527915
5761,-7.35490618164055,-11.35092300243159,-9.630274540496151,-5.673246846299092
5762,-7.763399112918023,-11.774650465796704,-10.075205568965957,-5.941776376798941
5763,-8.139826146200196,-12.209878073001423,-10.529577647835955,-6.213472119946863
5764,-8.733710328469133,-12.657283810635048,-10.96919572230303,-6.578587184237916
5765,-9.395662984863959,-13.132246513341267,-11.418017908166163,-7.026986530000527
5766,-9.928253443386147,-13.639358259076653,-11.903644651361665,-7.520198735174131
5767,-10.299537515120441,-14.135161491221774,-12.39973421904067,-7.9857630236490635
5768,-10.53988121981065,-14.57269484687596,-12.874083327717695,-8.358610792575778
5769,-10.863624985409292,-14.943958287326234,-13.32881623265838,-8.709131238473269
5770,-11.454456319134627,-15.262072554346485,-13.775887952688787,-9.114842909855982
5771,-12.044065784794233,-15.55528869888965,-14.231441656944096,-9.470984364838019
5772,-12.333938532707618,-15.857409618151726,-14.707126664987284,-9.671314640915417
5773,-12.51411169228267,-16.18361016275005,-15.187675453923628,-9.802178341426547
5774,-12.828826238396712,-16.535511280244997,-15.64643611535452,-9.968348787111532
5775,-13.193951340137767,-16.915046433483983,-16.06392217337151,-10.159065347361715
5776,-13.484892550993484,-17.31246571782461,-16.426358514677688,-10.338643596218754
5777,-13.649650407336868,-17.69261506540512,-16.728514276510378,-10.450642188523661
5778,-13.673970790962219,-18.02314258929895,-16.975852581504444,-10.45647925858007
5779,-13.771144828616059,-18.3034283345386,-17.181926107048543,-10.474769867838276
5780,-14.122204792118513,-18.546678500086863,-17.362860981256073,-10.618384046880916
5781,-14.437710480459025,-18.76293380577365,-17.534435167830416,-10.766958850965295
5782,-14.404710859926986,-18.96452515549153,-17.706938083818784,-10.77800103791126
5783,-14.185370493067808,-19.16617439568261,-17.874731775668867,-10.695978485860174
5784,-14.021694095550737,-19.37474857729492,-18.03068632142544,-10.603235702363037
5785,-13.936430965318783,-19.58385880761062,-18.18444952745142,-10.531712466520457
5786,-13.90150227753496,-19.7786327415442,-18.34432170298937,-10.50309250643991
5787,-13.819065258985477,-19.941197633814937,-18.5079862500283,-10.482573332678328
5788,-13.596940132352483,-20.056732069096558,-18.663133015190716,-10.430563682597672
5789,-13.405596481881856,-20.115834534707105,-18.7721218635828,-10.42886980135245
5790,-13.427508260781964,-20.124231190829676,-18.807134426924147,-10.555760749225062
5791,-13.496292463187446,-20.115273696282145,-18.79048927842029,-10.7166338646612
5792,-13.426988598561437,-20.127622568993036,-18.76205951646683,-10.807700673948366
5793,-13.358965404118182,-20.18073445980223,-18.759999598250428,-10.88635022053023
5794,-13.44669949625839,-20.279364864776817,-18.804351290470052,-11.018838016100572
5795,-13.654452533744443,-20.416437205553756,-18.86150508358476,-11.178682240490897
5796,-13.892842613005106,-20.57144650760247,-18.885475778165887,-11.317559065816415
5797,-13.953254791566039,-20.713719768446836,-18.86047139539422,-11.33156422766606
5798,-13.698202283376782,-20.811537307941055,-18.79042339444148,-11.164188702603461
5799,-13.462729959632359,-20.84377316405688,-18.709425901217436,-11.011524029646193
5800,-13.596986549291845,-20.798180095670205,-18.648308667773634,-11.07938845958658
5801,-13.90584649690209,-20.66186242741657,-18.582795626648004,-11.302353900080307
5802,-14.096718442415055,-20.436153494616185,-18.471748632064177,-11.540067491707076
5803,-14.159367895338201,-20.15326347843817,-18.29373606286373,-11.730939615995489
5804,-14.137595195803344,-19.848067912925536,-18.040266336371037,-11.829219997035725
5805,-14.099665717155482,-19.535081665945434,-17.72187337524816,-11.831896979751765
5806,-14.105252394491966,-19.21052302376189,-17.3627517580837,-11.766101205022277
5807,-13.957518992996118,-18.847246897525345,-16.98793402671749,-11.59749559723636
5808,-13.472901537716366,-18.41421369320212,-16.61673474391971,-11.308697362680016
5809,-12.886273288208464,-17.89837527085837,-16.251716260332714,-11.01459961087094
5810,-12.4636316981942,-17.306627601096853,-15.886673853953598,-10.825178062025579
5811,-12.097775308097843,-16.67351616351293,-15.521508211540468,-10.708443153343591
5812,-11.633579636480615,-16.040003755404772,-15.151896031966267,-10.59686778126057
5813,-11.08151061121542,-15.426113650963995,-14.761198125485123,-10.455629149042313
5814,-10.49361817612965,-14.838023954650232,-14.333164681790416,-10.26335298389693
5815,-10.040395022873398,-14.270072830594533,-13.854743156068274,-10.064104342136504
5816,-9.849703822771604,-13.710447517019748,-13.323743212806225,-9.90036093348412
5817,-9.64961039717313,-13.156888569202888,-12.767941661744993,-9.683009585059965
5818,-9.154282622036519,-12.605443331805736,-12.216001762877056,-9.32524472087961
5819,-8.551776500691972,-12.041211403087505,-11.661500228856859,-8.891965962719414
5820,-8.104786021324335,-11.466612209341879,-11.106984875205821,-8.510929102936764
5821,-7.701961956623806,-10.886399846112882,-10.589703657161133,-8.202981430271436
5822,-7.222875447791697,-10.323036152710387,-10.147916086109541,-7.982518499294186
5823,-6.678532473212089,-9.773836335234058,-9.76935807340732,-7.741275987436349
5824,-6.132957237111822,-9.234607829312523,-9.415402587774107,-7.3647651526589515
5825,-5.8316527793637185,-8.754969452021523,-9.046360361433834,-6.959570450499483
5826,-5.96616796849429,-8.378249764337486,-8.637961631083567,-6.669205317819842
5827,-6.240867024891778,-8.089127914394153,-8.21269479137156,-6.443547781683299
5828,-5.895078486068015,-7.652556492614572,-7.860727985604118,-6.130616907626395
5829,-5.493076160138517,-7.228762309243899,-7.539716796207531,-5.848948471004223
5830,-5.265557983922352,-6.764148981117449,-7.249601482541094,-5.644827802260895
5831,-5.159858286483814,-6.269372563366903,-6.980923150595335,-5.480864472448884
5832,-5.054234854622019,-5.77964615344604,-6.717703641822633,-5.307611379795654
5833,-4.8641710419202235,-5.319678938873128,-6.449199770728645,-5.094574257563249
5834,-4.533931343208723,-4.907622682960026,-6.171688146441119,-4.837343376094598
5835,-4.228202955351993,-4.535662197572544,-5.886139168274261,-4.641461737666284
5836,-4.136867937212396,-4.182491646753017,-5.599527572913371,-4.612365108533413
5837,-4.089016212473454,-3.8436837667758694,-5.32992211238459,-4.664456328658033
5838,-3.8553761906943476,-3.518574439721708,-5.091977446447012,-4.6675426539470415
5839,-3.545924730277359,-3.196825922516648,-4.875144894947127,-4.626696787663372
5840,-3.332786422068432,-2.8684961407252665,-4.662610076713545,-4.585356363255768
5841,-3.2151768643315766,-2.526203571908582,-4.4501310974551,-4.5618609188732515
5842,-3.1423918427835695,-2.165628008864718,-4.2392546104542905,-4.572725129587409
5843,-2.973412129764747,-1.7948972743500164,-4.0465802840347855,-4.584157108773937
5844,-2.5793772830680877,-1.425859566709645,-3.8834808959217706,-4.548641419474613
5845,-2.163018336156157,-1.0548553984928501,-3.7143711029555697,-4.513538366279675
5846,-1.9677483983686601,-0.6786277563362205,-3.495109815021413,-4.5274511970809055
5847,-1.8153398390552185,-0.3164235659329868,-3.2220630578626532,-4.496145530856216
5848,-1.4529295123435848,0.012849801582956275,-2.909710326700101,-4.309964985943135
5849,-0.9382481790021036,0.30926181783941703,-2.575028664146285,-3.9875738285231734
5850,-0.39970957044138233,0.588519984961066,-2.238716791530864,-3.589863845317665
5851,0.07521492509165786,0.8866941380458087,-1.9109959557471539,-3.165188947368469
5852,0.43074490383542685,1.2388593781443604,-1.5961678530514027,-2.7585349294583135
5853,0.8867661233986386,1.6578191040688621,-1.3034593414763067,-2.344838212122005
5854,1.6687980937818911,2.127664580659295,-1.0412458917990304,-1.8889971681600135
5855,2.4660981989364847,2.583075199568855,-0.8174504770873697,-1.4866156759210518
5856,2.895124441373295,2.9510587782006414,-0.6349371109990366,-1.2364509875667695
5857,3.129564963314541,3.2134714559304065,-0.4768734200548108,-1.0692584370169234
5858,3.4617751782802646,3.3849785532556185,-0.3223188684914189,-0.8763775156505098
5859,3.8872275984951075,3.481834085569148,-0.17162177862158493,-0.6250501035839733
5860,4.326811742989348,3.5326926903035574,-0.03079193232802869,-0.3173205606699547
5861,4.642490989453671,3.5891152975286675,0.10949442011960106,-0.02220877954233376
5862,4.704256502970066,3.690822780641411,0.25678122586351687,0.1772837025868491
5863,4.747480559814452,3.8219138680798004,0.40155277235491427,0.3412167142023193
5864,5.044952728595984,3.9485992797181795,0.5294064876946463,0.5489394878876387
5865,5.337441270899009,4.065654083137712,0.6275874724612905,0.6947718516012598
5866,5.287334680920432,4.176438178407234,0.6890088915615105,0.6625541665637715
5867,5.0207373128345525,4.282523957586591,0.7219910067655622,0.5178519549349512
5868,4.773891327799936,4.383917071133093,0.743201262995597,0.37702994369968507
5869,4.642183703888317,4.466369238524153,0.7678987155478258,0.3322847628907303
5870,4.660245770479464,4.511944979078734,0.806114807855851,0.4379008465821973
5871,4.639960819296585,4.505208496822896,0.8564449055536636,0.5865304506574006
5872,4.360883940863363,4.444409067780076,0.9072579023022437,0.6332829004966043
5873,4.0204623307421565,4.3717411928719985,0.9411846337927426,0.6227802656359213
5874,3.886145476211324,4.333411020621364,0.9392457725990646,0.6429198035030179
5875,3.7895154789850767,4.323686437542562,0.8871783401455846,0.6454949792911417
5876,3.4998331112318635,4.31547408414262,0.7800413548683751,0.568046082017158
5877,3.097577529857621,4.287255023503641,0.6208298902397937,0.41476321115065834
5878,2.7351091398264558,4.222792174414789,0.4245078319640696,0.21282724712668144
5879,2.5465907140966957,4.130701594216514,0.2280027478290213,0.05174179926207122
5880,2.6213895015870756,4.03153293992137,0.0666609187079886,0.01565077298556225
5881,2.7365857505329867,3.930954541921597,-0.05213825320032423,0.02200250017360439
5882,2.6277017524216397,3.831554271157339,-0.13738381934189328,-0.038716574936148135
5883,2.4841561202717646,3.7381028868027406,-0.21445409236203444,-0.10297047643171134
5884,2.5730968355119375,3.6548512707114242,-0.30647413654392425,-0.07162972339161323
5885,2.7729934272398786,3.6024887222967337,-0.3883115291507302,0.06179972249779206
5886,2.886507153001808,3.593138896000323,-0.4265778357990756,0.2726894155668039
5887,2.861814062183505,3.5881650845660196,-0.4411924877964324,0.49395596260262076
5888,-8.29846642141003,-14.294519218726645,-15.36221210490755,-7.551954770018082
5889,-8.551263128424267,-14.579742086832258,-15.680383429033142,-7.570944607174009
5890,-8.608801585704235,-14.882933705805142,-16.024332762957766,-7.5476032759267575
5891,-8.710715921204816,-15.206199667012596,-16.401951430881265,-7.58290493146468
5892,-9.099903483322976,-15.539466372026466,-16.80500795268306,-7.769859063313819
5893,-9.606249471896437,-15.875485877151908,-17.208125671383094,-8.039157544425812
5894,-10.007738517669134,-16.209997244889173,-17.583340923768425,-8.295406549204682
5895,-10.315943928305503,-16.53884173962681,-17.908057025598836,-8.516421096733197
5896,-10.599519406609652,-16.868313908357635,-18.18051284857308,-8.707716846799968
5897,-10.98969639451397,-17.204505924227007,-18.44456378711238,-8.92622612980126
5898,-11.584328444589229,-17.55950245483947,-18.746895469384853,-9.22350678401345
5899,-12.148400589666537,-17.93030687225941,-19.094913998314656,-9.526402352013958
5900,-12.440475738009592,-18.283878681857825,-19.46952486005318,-9.74599686320619
5901,-12.664712596783632,-18.59026277202617,-19.820942565152524,-9.90861198365048
5902,-13.061767165530716,-18.827440945580715,-20.098494778743802,-10.057255122947943
5903,-13.515186069431964,-19.00722901903213,-20.30110105483071,-10.178449051612574
5904,-13.857867628115459,-19.155016030705013,-20.443748088353313,-10.25660448767378
5905,-14.022653265922772,-19.287226175600285,-20.52134112761315,-10.267658519717257
5906,-14.00085346676651,-19.408315945613587,-20.529790678901175,-10.205598711440137
5907,-14.027669550957807,-19.523450304372773,-20.472794229031564,-10.176921671366443
5908,-14.316044889564761,-19.622848528472534,-20.36125928890603,-10.274248246771334
5909,-14.599367727239636,-19.683235918789595,-20.221002035334717,-10.40867281663134
5910,-14.577422498916567,-19.70832678416777,-20.082663823332656,-10.464612159341884
5911,-14.426422387243111,-19.732066341955637,-19.975042189982553,-10.448627134038988
5912,-14.38391690377891,-19.767596733396726,-19.910822616490183,-10.400578306593811
5913,-14.423271327092767,-19.79720521322344,-19.868913133811407,-10.350048969386952
5914,-14.469006447075085,-19.78067355514652,-19.816142566486576,-10.329023224216888
5915,-14.416850430303843,-19.673729873596884,-19.72266482229239,-10.32829565672093
5916,-14.189174027857502,-19.452368146121117,-19.572877217280805,-10.321920531895445
5917,-14.002165378935063,-19.142956639105545,-19.392468708087872,-10.338941857443235
5918,-14.065872644819876,-18.82259713545236,-19.211325419674736,-10.393111312763178
5919,-14.1457485929483,-18.567475395604422,-19.018811858539863,-10.383436762633115
5920,-13.978185253444916,-18.369949695745344,-18.794155944494488,-10.22189149147752
5921,-13.691373773671144,-18.151429209169095,-18.51930229424449,-9.957429717387285
5922,-13.472903917598458,-17.875554787269174,-18.18739776077102,-9.673057456542207
5923,-13.36848591279237,-17.573322899291686,-17.841714162388865,-9.432728033671053
5924,-13.366147987930312,-17.28334654037877,-17.521842289003274,-9.264225055872421
5925,-13.278517646372139,-16.992173574451627,-17.19540462891532,-9.063346744492042
5926,-12.930540649770723,-16.6478820926684,-16.81597954934003,-8.716845806189603
5927,-12.521759371909853,-16.222754317389256,-16.364392348598525,-8.286877990659374
5928,-12.286486783853965,-15.728469819021972,-15.842113663500143,-7.864982689514766
5929,-12.07977369391201,-15.203942667677541,-15.300062982679034,-7.4165938400400195
5930,-11.72375304068224,-14.686076984352521,-14.790279398711865,-6.90440847382435
5931,-11.307006057717015,-14.186986457648953,-14.291751826670989,-6.371902025641372
5932,-10.946398318544825,-13.682645933451743,-13.76710991290351,-5.873656321518109
5933,-10.692711401821972,-13.142181311026764,-13.21760283654414,-5.465975745998
5934,-10.556544585786737,-12.573987757583408,-12.654445891421256,-5.183990870655338
5935,-10.344232049800587,-12.021494796054185,-12.089302614039314,-4.9594677527066064
5936,-9.88824873179164,-11.499325678513438,-11.53467924331135,-4.71162428630752
5937,-9.441111291038178,-10.982289766059221,-10.991728804712281,-4.48360665850284
5938,-9.271537677387634,-10.444159548907274,-10.453250877707536,-4.3256884856026225
5939,-9.204990206301073,-9.866677846755865,-9.901493124202021,-4.164382552034828
5940,-9.007941801988162,-9.243216744308901,-9.322980037870256,-3.9261236415336818
5941,-8.678133992667039,-8.579332779956513,-8.737049647849636,-3.6372251135030695
5942,-8.273659990728547,-7.890422324660147,-8.16163949563587,-3.3439298537267423
5943,-7.947786293243317,-7.195228838515187,-7.575479356585752,-3.0857594758689624
5944,-7.819998609879185,-6.509130073920665,-6.948873561855666,-2.883214629723797
5945,-7.63282666723438,-5.8361621715168335,-6.2623382561041865,-2.6596278238081115
5946,-7.117958561928724,-5.170876243119025,-5.51048733416819,-2.3376692459145616
5947,-6.48208115667209,-4.5035151091186485,-4.723184775239003,-1.9815056874428931
5948,-6.008496417782873,-3.844912766705009,-3.981237088597507,-1.715354973992383
5949,-5.518054834038091,-3.2296247572287933,-3.3516120004904977,-1.5096740717786734
5950,-4.8410772311329815,-2.676471600673227,-2.9038294113509613,-1.3416828249252704
5951,-4.009413724690669,-2.1806332734254483,-2.639054847055017,-1.127424558746537
5952,-3.1386179423544607,-1.74247205211007,-2.5054492091434506,-0.7928825462181387
5953,-2.5178226845198455,-1.3479017666848374,-2.443882512159102,-0.47359964124748055
5954,-2.3716903247258188,-0.986869066313469,-2.4016080189021856,-0.32284663882315945
5955,-2.40347895119054,-0.6475447071925605,-2.3446141954909896,-0.2463663435287663
5956,-1.9224420783306002,-0.3858653117809008,-2.1066898383946873,-0.048106366927677585
5957,-1.398872236995225,-0.08048772241886014,-1.8431668669885477,0.12939383834303006
5958,-1.0722772827433216,0.25476033847825985,-1.5601911164123057,0.20063736521601644
5959,-0.8700349822280535,0.5906291407343524,-1.2814308576989557,0.20705117295736963
5960,-0.6532241521645726,0.883608173173627,-1.029223248136038,0.22582677539108456
5961,-0.3698158291983731,1.119798403629419,-0.7923447856458672,0.3069950710500326
5962,0.002384733190554378,1.3239741660542568,-0.5467338247427496,0.48014659744307175
5963,0.3209927430833506,1.5168848775123198,-0.28115029784531725,0.7044992538275393
5964,0.4351775738586108,1.699815143819432,0.006845304687538779,0.909527901961988
5965,0.542897213685815,1.870606081951028,0.30965972615434967,1.093142208918137
5966,0.8864545569028106,2.0307579177683244,0.6090260339024296,1.2635960909957242
5967,1.3260269615753337,2.1733587864747497,0.8805529650798853,1.3493342620799196
5968,1.6434663961562364,2.2810813335975526,1.1039420721764412,1.2880071468804357
5969,1.83049482815502,2.3501210580934377,1.2722922869486286,1.1179361735054845
5970,1.9379068243306763,2.397143601464635,1.3914038266054998,0.908632639440072
5971,2.0780877393879758,2.434716346962352,1.4821787011000547,0.7229752940445812
5972,2.3552968620489407,2.4714462820798193,1.566159991274446,0.6022066448492163
5973,2.57430818325204,2.4950581775712743,1.645252401622124,0.4801418420790894
5974,2.5080220972525873,2.484910412509407,1.7104543241153496,0.27409899325424325
5975,2.3540689755833726,2.4270739837209483,1.7482368216191828,0.04960016824688679
5976,2.380076610459011,2.3203748924353875,1.7469023821912901,-0.10201340537320391
5977,2.4939337415673952,2.1866748483151786,1.7147123088972782,-0.21133321907463434
5978,2.533138460226143,2.057764636602123,1.666323171685209,-0.3370629290988532
5979,2.4797774525357195,1.963680089734744,1.6026944429640653,-0.5055563882372587
5980,2.364219382973027,1.9177564459028438,1.5231932636675896,-0.7251642202343467
5981,2.3618801932804705,1.8921024768777848,1.4297147627900801,-0.9326849940334182
5982,2.645300762111339,1.844734614712927,1.330820688992506,-1.050004255725587
5983,3.008447854209175,1.7509531901615336,1.2594752582641449,-1.1126266708550387
5984,3.1841884329247705,1.60792104292431,1.2480261320703745,-1.1775422475002104
5985,3.3222967513605326,1.4483979126573725,1.297012543880336,-1.183907958274244
5986,3.640532231244128,1.321879327781304,1.3872157944782377,-1.068305392562766
5987,4.062620523096797,1.2640940355724501,1.4847086508058476,-0.8829017739796676
5988,4.44643916625213,1.290634662729458,1.5544184203668414,-0.7074670201614375
5989,4.668701957450219,1.3938589136455846,1.5898893893645063,-0.6096782642274995
5990,4.652879319209842,1.5417406255539183,1.6002154968716418,-0.626035997929928
5991,4.630975270387485,1.675168967864128,1.5853595496983663,-0.6522200701741583
5992,4.872613042088001,1.7460848293624793,1.5483159589364734,-0.5640507896394652
5993,5.198170786532186,1.7351149018323184,1.5101053376336235,-0.42965818466151734
5994,5.33671206313386,1.6694300645986813,1.4879381301542474,-0.36112693977436683
5995,5.37670081282096,1.5889925415026993,1.4733616714496849,-0.3264679722755708
5996,5.469420747776557,1.5330245775362137,1.4507911318759363,-0.2692448007265831
5997,5.603282301021633,1.4975790490938499,1.407963801759431,-0.20331143028061588
5998,5.727941547543656,1.4578482000028765,1.3411934595494897,-0.15083305754004023
5999,5.6878468903625015,1.4004130758165316,1.2819139617776518,-0.14757883180511944
6000,5.351491458539094,1.319411125181885,1.263947050266033,-0.21874905025952474
6001,4.96283855237238,1.2202217188501043,1.2668444992782661,-0.27415403929306437
6002,4.820607589975471,1.116190112830209,1.2551036421917874,-0.21909407152288035
6003,4.800775758975927,1.0233514912157449,1.2300259308160266,-0.12654156762919447
6004,4.679814189147174,0.9483800474582453,1.1986277481367853,-0.11022705855371208
6005,4.474367241401694,0.8651707094629917,1.145499656824588,-0.1874843404341286
6006,4.249567376293821,0.7468482653557496,1.057013795023284,-0.3423652082671275
6007,4.052933897948906,0.5794614095101601,0.9346255420235445,-0.5385144011938762
6008,3.927475972947033,0.3775385448980808,0.7896621731988943,-0.7288234378311256
6009,3.72625521647153,0.17326088485983981,0.6467143484327885,-0.9478468036743527
6010,3.2989821668929538,-0.016152194453752683,0.5327173353569179,-1.236211891544941
6011,2.8712147322185735,-0.18370535827140033,0.46296254076158877,-1.4929525212547223
6012,2.7125716086287395,-0.3348259827184811,0.43724456226726105,-1.608152601905501
6013,2.688349417674369,-0.47320020496029847,0.4359899888413342,-1.6306541008414421
6014,2.5809286939053226,-0.6002057584666711,0.4328988625459115,-1.6479211586037992
6015,2.38835303308866,-0.7175914272810664,0.40277808170473334,-1.6837508034129671
6016,-8.453634849077885,-11.507036402329609,-13.637127120343102,-8.6808134463842
6017,-9.080377819601797,-11.928661592226216,-14.230742014168523,-9.121626363961647
6018,-9.501254189955384,-12.368334008022753,-14.837522063402297,-9.443662100510616
6019,-9.888463118727401,-12.80732589870814,-15.430295415272685,-9.715073327536409
6020,-10.439327942287383,-13.21470161397168,-15.982785912859438,-10.0202125002817
6021,-10.981051152124117,-13.563221980761686,-16.476548870367402,-10.32490758859212
6022,-11.320575725760815,-13.839013714060345,-16.90685352758165,-10.574754787592203
6023,-11.549866304241661,-14.057983688648713,-17.295683488570855,-10.76362370519693
6024,-11.803522199437845,-14.245551836989117,-17.66926298995186,-10.900150602325784
6025,-12.170118717866675,-14.417197830399436,-18.029944275912502,-11.026721044909962
6026,-12.679408181960238,-14.57601886153479,-18.370835064309972,-11.18857537197457
6027,-13.091768300416469,-14.70005697503197,-18.68825438827769,-11.353593146414232
6028,-13.179470522240342,-14.76760411468241,-18.975539394223,-11.483006719027886
6029,-13.159067984005839,-14.784926033635951,-19.227013822335003,-11.635454236418978
6030,-13.297201341156768,-14.774973998539858,-19.438632270521005,-11.863547045047543
6031,-13.485412632581776,-14.776552596027877,-19.597715425194384,-12.096192971911638
6032,-13.568792110602043,-14.819545324434674,-19.6995572345817,-12.251839340477447
6033,-13.573134233141353,-14.892404873586814,-19.77091466140026,-12.347518531064274
6034,-13.554492258763053,-14.9627677476727,-19.841944430372667,-12.41087334862459
6035,-13.628015801608065,-14.994088774942313,-19.917548916794637,-12.425925784897515
6036,-13.8768768867948,-14.961171619006038,-19.994390328460664,-12.37605102989689
6037,-14.08628758233188,-14.875452097626331,-20.07055323352641,-12.22433225299346
6038,-14.041707189814234,-14.771762814578654,-20.145044112287195,-11.966056611893391
6039,-13.929647967075915,-14.68692578820277,-20.226709564043706,-11.737777182666669
6040,-13.98228735016096,-14.655239165276503,-20.326823220475998,-11.676064027902957
6041,-14.129921627588038,-14.707514873736459,-20.44735472019087,-11.760406608103004
6042,-14.26236085390421,-14.848073768142067,-20.585314863983694,-11.918987730515381
6043,-14.366490833033634,-15.031464608092039,-20.73621691642266,-12.09482486500551
6044,-14.447921277076064,-15.199651474857673,-20.89036534615568,-12.240389840494382
6045,-14.65299786076594,-15.315495300297028,-21.033842220814613,-12.388530486574677
6046,-15.080442825674943,-15.364667579253311,-21.15124405873975,-12.576497482576409
6047,-15.403984958872332,-15.370268687857807,-21.224056764604967,-12.714449839582764
6048,-15.308026617698939,-15.369217411491238,-21.24198942587019,-12.712283690987157
6049,-15.00932521329892,-15.376688030290449,-21.21413900226335,-12.608135124349742
6050,-14.814154865054446,-15.399221467997133,-21.158825670644568,-12.473515320138578
6051,-14.738364699359794,-15.443552090498898,-21.09720507126936,-12.354579816115077
6052,-14.729681040910563,-15.512485592337754,-21.043335855394435,-12.28467562931142
6053,-14.703960678245531,-15.60958293390077,-20.989592873193438,-12.244384103967235
6054,-14.577536288906545,-15.73313332136003,-20.918371453290145,-12.193753834846149
6055,-14.51003621331766,-15.872528601763586,-20.814043083799703,-12.155987389331388
6056,-14.65239568806354,-16.003854891556536,-20.664936170199695,-12.145193126772213
6057,-14.761804596204446,-16.08223247001903,-20.47179296244635,-12.060180702345756
6058,-14.579197333527897,-16.06495806397252,-20.24048390557342,-11.8137647538436
6059,-14.221108762858087,-15.929323664929456,-19.96946508884985,-11.470250418263094
6060,-13.863382060311576,-15.67799905042814,-19.658088322499836,-11.120390395820605
6061,-13.52944127089318,-15.352854957939792,-19.312030502535656,-10.784278769033918
6062,-13.200215949506518,-15.001731521019437,-18.93843869499433,-10.457298720389792
6063,-12.740465394427,-14.645766253639243,-18.54915929862192,-10.090621445420066
6064,-12.03777360498363,-14.285287078602408,-18.15158816496443,-9.638322930997305
6065,-11.316797019616809,-13.888414113187165,-17.73122199519148,-9.177943003172263
6066,-10.814523484416494,-13.42833427910341,-17.272086526425937,-8.789535545010034
6067,-10.368326396242239,-12.935571706258402,-16.780077749211703,-8.392199130686935
6068,-9.772439182254917,-12.454966959223807,-16.26393877688478,-7.897841752144279
6069,-9.098860964661887,-12.011421297230276,-15.723912255604745,-7.355404764001666
6070,-8.458547093071179,-11.607865549972258,-15.154037359640046,-6.835221751995376
6071,-7.908803214660254,-11.203859538730566,-14.531803466180214,-6.371853493854407
6072,-7.470801366202388,-10.750382949021086,-13.838575167814069,-5.970884513801552
6073,-6.947214446011561,-10.22641597315164,-13.085499274797323,-5.539174095112686
6074,-6.163441757437232,-9.636433799115409,-12.294408523359971,-4.9848701874242805
6075,-5.381730010247507,-9.03126047610062,-11.485228013908015,-4.368474265598052
6076,-4.899212481511849,-8.48905194715924,-10.71244938386258,-3.786434024758078
6077,-4.461716247158513,-8.094168796909276,-10.009730436011488,-3.226554894062587
6078,-3.8140496709190224,-7.859316944594154,-9.419435482854814,-2.672700374699631
6079,-3.0862213286501627,-7.783016018323527,-8.92887038577196,-2.1380441933217784
6080,-2.50508326922595,-7.856032020450528,-8.494043775882526,-1.644736296403846
6081,-2.3014302976110033,-8.040452596428407,-8.09246180759597,-1.2661316011973178
6082,-2.597875708271887,-8.250500795822042,-7.707881009527548,-1.0586290885890535
6083,-3.0300373742211595,-8.389656116926687,-7.311295463017307,-0.9338746617426744
6084,-2.6603254435685972,-8.271150604519097,-6.90338157409251,-0.741101197447716
6085,-2.2900409940470228,-8.071642510953343,-6.511859882183427,-0.6010796776946967
6086,-2.2665684628450835,-7.830278691605412,-6.175971347261475,-0.600966297696392
6087,-2.4456511234597436,-7.576278093151184,-5.888211783660253,-0.6782517332909013
6088,-2.562050078373592,-7.337033043397022,-5.6170676474209005,-0.7362048478553415
6089,-2.5316396521332933,-7.148162044661583,-5.322054202361707,-0.7417623830073556
6090,-2.339063387434995,-7.030320540512358,-4.975804924137973,-0.6891866504597856
6091,-2.158183112928092,-6.985461922248823,-4.606999617533304,-0.6401846639142673
6092,-2.1889788744659384,-6.989245882987927,-4.265637653666964,-0.6582122923108614
6093,-2.2343033365803313,-6.956746355371119,-3.986971004918287,-0.6500945241467021
6094,-2.0326164706101024,-6.818004702136573,-3.7822823755992463,-0.5013123862015787
6095,-1.7457401407668016,-6.551816548416437,-3.602068470793041,-0.25906174499945833
6096,-1.607740273649762,-6.212935661234191,-3.381189408994908,-0.013486021636687858
6097,-1.5768891177439284,-5.878517299054721,-3.1121354573258118,0.19322831283425287
6098,-1.5397955604202016,-5.589259300928868,-2.813505617715559,0.34456861670109623
6099,-1.379965786844057,-5.360047301138726,-2.496219869764929,0.5114273003737226
6100,-1.0023737402907829,-5.173491932723275,-2.1749305110188115,0.7742346048386584
6101,-0.5562232114082776,-5.010097726523388,-1.8644137605738282,1.0641337279581204
6102,-0.23992756733993723,-4.85217784733583,-1.5694616683635407,1.2782434449450446
6103,0.06828382982174214,-4.688739845229856,-1.2859035507068117,1.4211488894782154
6104,0.5373650308210461,-4.518525746127797,-1.0023300258579264,1.531155746871931
6105,1.0284475345111528,-4.355317215318482,-0.6998092679597526,1.63741302432529
6106,1.3655963956922612,-4.210164005476064,-0.3676018156809109,1.7673191585905421
6107,1.567363290671016,-4.063719381697944,-0.012664545886364165,1.9008372775472284
6108,1.70924303404614,-3.9001786199332225,0.338115035679126,1.9993966709288595
6109,1.9452705654682032,-3.683632323993333,0.6216308524159211,2.076847428642262
6110,2.396043253906792,-3.421846104304247,0.7817558677734017,2.15366339375115
6111,2.8046236838253984,-3.1703908325499537,0.8242583675982781,2.186560509719743
6112,2.868548027515049,-2.9641426390191805,0.7895856758878677,2.1318101457297294
6113,2.7694880424501176,-2.807656916334586,0.7351670526965546,2.0244050443512833
6114,2.790444052557467,-2.683962467792038,0.7113319796375136,1.911794300734319
6115,2.8787963184686647,-2.584289968813097,0.7077970440288238,1.7830267193135843
6116,2.914604055959057,-2.501750498755984,0.6878575735769143,1.6129774285908463
6117,2.859164712004432,-2.4323550777949268,0.6415416501950103,1.3915620115992404
6118,2.703143379171802,-2.3803509596169175,0.5692055870915701,1.1147815171377637
6119,2.6404182486887637,-2.349005313601182,0.46922139274053626,0.807413220757816
6120,2.860055003936557,-2.3454501076184733,0.3506242667430455,0.503023285634063
6121,3.118875468439906,-2.399175203246479,0.23895731215098764,0.188222137060033
6122,3.097994155304237,-2.5209651099388233,0.15906238827454353,-0.1501848235354658
6123,2.8748233100884586,-2.69941477969665,0.11508695999273173,-0.4550701638440806
6124,2.6301232855922008,-2.873871473797485,0.10181202888931215,-0.6639386384443914
6125,2.3946824259535706,-2.989178684896442,0.11689994537996395,-0.7718917599756704
6126,2.1728308556192015,-3.004164496378632,0.15510649419291814,-0.8028199261152619
6127,1.9005761927610516,-2.944819475360061,0.21155333394211268,-0.8125306123766908
6128,1.505100127248689,-2.8510403092317382,0.27759579881081387,-0.8579060730331289
6129,1.1687856306021962,-2.747545439841439,0.3267042092972015,-0.911049631281665
6130,1.0877572083896887,-2.6138515432860734,0.3336435272513744,-0.923992905051313
6131,1.061388963557358,-2.4460116560443272,0.2976936177278838,-0.9438039050035215
6132,0.836155187058637,-2.241443429747141,0.23355382319275259,-1.0218782489408966
6133,0.5233649606525907,-2.0285918255435478,0.16474469700576252,-1.103189193776589
6134,0.31659447641891264,-1.839846781584386,0.11852528765479267,-1.1179341488354404
6135,0.2748820716012385,-1.6664316857605035,0.11219103016698123,-1.0541600262655164
6136,0.40048932603862103,-1.482524212005393,0.15295297505590263,-0.9295783809804434
6137,0.5318686921164331,-1.2652586327263895,0.24383704157463565,-0.8208506664040327
6138,0.48728171146653665,-1.0004551760669724,0.3773610557023043,-0.8036002304980174
6139,0.42219767279375103,-0.7017230267142078,0.5306404050709117,-0.8209967911486821
6140,0.5478764305763827,-0.39876920953026473,0.6773992921140173,-0.7877428988108357
6141,0.7087820043595676,-0.12257390356378092,0.7952924528376243,-0.7326272423975507
6142,0.6987765440874386,0.10533547319682152,0.8733268958290048,-0.7119144797196868
6143,0.5867959280775222,0.29271969940762577,0.9281801164824001,-0.7390296668271907
6144,-10.168759720420598,-15.66306086694278,-15.873705010276387,-9.024312516073811
6145,-10.413746581680654,-15.814630217165597,-16.14958518893382,-9.273948942077931
6146,-10.467885549013634,-15.961291774952004,-16.433587627219516,-9.446774371133827
6147,-10.561014661931631,-16.119243031608946,-16.714910171062805,-9.643608612674988
6148,-10.924099882147795,-16.29561499699278,-16.980509246592135,-9.97056356964747
6149,-11.32068176721811,-16.473198994930822,-17.225578117185147,-10.347091677563226
6150,-11.47744605855159,-16.637732068284937,-17.451537337087924,-10.665455398908554
6151,-11.488082101293866,-16.80081017868475,-17.66661014195195,-10.918082231073159
6152,-11.515128039177482,-16.986506531249365,-17.87999115854162,-11.119835935261609
6153,-11.646470972407002,-17.232794369629943,-18.09267960514947,-11.299801908701538
6154,-11.92661984563712,-17.56133236384531,-18.301119526059345,-11.48862691918923
6155,-12.17690466034058,-17.937799232938644,-18.501315091597657,-11.626718215464797
6156,-12.219075134947587,-18.306787917798513,-18.688761005957986,-11.661092116353968
6157,-12.267869519033537,-18.6197216246308,-18.859371143796015,-11.695939655143986
6158,-12.555794347846941,-18.848045283940657,-19.012284423113222,-11.832584164429159
6159,-12.905498266528314,-19.012081675711848,-19.1533579853677,-12.00652182327386
6160,-13.095478204887689,-19.151003568082245,-19.290118813169844,-12.119229105226546
6161,-13.148771414139421,-19.287283626743868,-19.42334179306271,-12.123094645377728
6162,-13.143166743269466,-19.42918735476397,-19.55257856298387,-12.003383738985661
6163,-13.190524674370945,-19.562236298660657,-19.684853013426107,-11.831222791868653
6164,-13.380865333279797,-19.663262443016702,-19.822337172636747,-11.695379393877097
6165,-13.535018730602363,-19.72791854075281,-19.950889612831947,-11.574975081369546
6166,-13.477136095654938,-19.761440247931276,-20.052281482795436,-11.433855157885013
6167,-13.433293787903914,-19.762076523838783,-20.112001624181268,-11.334610474648192
6168,-13.648881010776018,-19.73709388280131,-20.12278515604274,-11.329775532732901
6169,-14.006565427678337,-19.722270910200322,-20.093842665788845,-11.374236353923678
6170,-14.326395075859276,-19.745372418841406,-20.040528238345455,-11.404283045976554
6171,-14.530308845124875,-19.78932119798436,-19.969974847997605,-11.365295640307357
6172,-14.589189592955687,-19.81826147543413,-19.886402365225976,-11.225974297535155
6173,-14.693399074297158,-19.802581937691667,-19.792312798179346,-11.064422203809755
6174,-15.01020262495131,-19.717270193725785,-19.684250350981355,-10.956644921225084
6175,-15.23331622621031,-19.54208910772896,-19.56226533430464,-10.804284050839113
6176,-15.048620873057477,-19.281059398526875,-19.416405274173794,-10.500930483187679
6177,-14.689325539843203,-18.97642734342355,-19.200422136726242,-10.10982095596193
6178,-14.45744798899814,-18.680072510193593,-18.875585180088642,-9.722217892201256
6179,-14.313231189111344,-18.433203158140934,-18.457640969837538,-9.362360389135924
6180,-14.154089805346077,-18.24842188187291,-17.985091628610753,-9.036643516771537
6181,-13.898005845517368,-18.085530674848393,-17.49360953877711,-8.69772017260106
6182,-13.489239897430483,-17.88366372968859,-17.015397118462637,-8.307566596173707
6183,-13.141664824849462,-17.593179571517755,-16.567199939767782,-7.978354836704489
6184,-13.0564329455022,-17.191412185069574,-16.148267664077107,-7.816213028399033
6185,-12.962416867143542,-16.705677237680987,-15.747730246108254,-7.741632493631467
6186,-12.57124178499915,-16.191577851237493,-15.350236166998025,-7.636552581113682
6187,-12.075261495858475,-15.70501891903424,-14.933230909791776,-7.450631836345038
6188,-11.727182642344335,-15.287815017906961,-14.486651969847008,-7.1670384885142076
6189,-11.531364512391468,-14.94863363277705,-14.044022033505573,-6.848866655432418
6190,-11.419118932967427,-14.664360461635525,-13.637915920385504,-6.570149097037675
6191,-11.209853344218459,-14.39398052083367,-13.251334676522218,-6.269797067057508
6192,-10.748534912389044,-14.088844848942953,-12.850367562766735,-5.877902445752036
6193,-10.254945046715616,-13.691331005118611,-12.405692841250202,-5.478924793584225
6194,-9.977047145749694,-13.17396358375358,-11.896220129398094,-5.159172042611371
6195,-9.733616270803477,-12.587131283672504,-11.3296381572756,-4.862837299227864
6196,-9.307118256767755,-11.999105620200476,-10.726194222022382,-4.515788893366594
6197,-8.802724362389371,-11.438506761126646,-10.094876779106132,-4.105407509394302
6198,-8.36712754702573,-10.905422746696424,-9.440529169092988,-3.6383056609223514
6199,-8.062301121513679,-10.36423839966654,-8.76883104741943,-3.1717360593045796
6200,-7.89892267884273,-9.768796761209888,-8.083694274865314,-2.763198328315023
6201,-7.661948179326891,-9.101899233491505,-7.3799243477856065,-2.328332039822982
6202,-7.154376014445751,-8.365810614995324,-6.662663732821384,-1.792969560803214
6203,-6.611531209920342,-7.580642860156106,-5.945713894563441,-1.317947623127181
6204,-6.318271625357517,-6.81113819431314,-5.2949043945402625,-1.0638240612842371
6205,-6.010361256456687,-6.124741136861452,-4.7923231092201535,-0.9067897605730395
6206,-5.4179993892344225,-5.5838149900668155,-4.432465410692213,-0.6840296525200904
6207,-4.630565244238898,-5.145347505131313,-4.152869481760501,-0.35384359025483464
6208,-3.8303770110686806,-4.72070715683476,-3.9064746649249042,0.0795230924017421
6209,-3.1496294928621715,-4.27852049492128,-3.668598707471827,0.5405032157966055
6210,-2.669265428097855,-3.8254976802012073,-3.4391339460918045,0.9429795237605096
6211,-2.2195940896478117,-3.4039700856401858,-3.1955107103186866,1.3558882043793163
6212,-1.5120688610942805,-2.9779766039131124,-2.7785625409046624,1.750479111309365
6213,-0.8968014999077529,-2.6391951294632205,-2.34176629451171,2.1185846674041873
6214,-0.6583729175599716,-2.3535537892261784,-1.8882531083538732,2.3180592525819765
6215,-0.6265052588600203,-2.091094065637614,-1.4352502772161988,2.4148533210427887
6216,-0.5219820503929083,-1.8193535632184124,-0.9994322357718582,2.527577386098373
6217,-0.292320287774508,-1.4981358646892353,-0.5704220578902317,2.682995126689407
6218,0.03524845181452049,-1.1107514754761858,-0.13804576169891206,2.8721441194492314
6219,0.31550423304404324,-0.6918257384142548,0.26738209096494514,3.023006355951325
6220,0.39014051145071105,-0.29718685692134234,0.611085630191188,3.0548227296796617
6221,0.4572762565171122,0.016551464268470754,0.8909845901168547,3.031679922195343
6222,0.756652486322642,0.21810443892726128,1.121648175317263,3.0512387574366553
6223,1.0469513380130762,0.3467374664705346,1.3295406674658239,3.071209639415877
6224,1.0235541331833193,0.46724423388620384,1.5412723646234407,3.02852427302466
6225,0.7976331573060366,0.6235984278972958,1.759499950460271,2.9678412100265397
6226,0.5815680956519821,0.8281001569683503,1.9700990158129175,2.945047023278
6227,0.4848480833178681,1.0178305417417803,2.1505909396662473,2.966276331658024
6228,0.5584246279654042,1.1151220934084167,2.279637546700624,3.0159235523488843
6229,0.6030077900717368,1.1202148804598269,2.354281393132324,3.0177734283527697
6230,0.3816167680965997,1.0725379013983065,2.386128632154336,2.900123302031546
6231,0.07858138063746332,1.0166295909310477,2.395696996116518,2.738118131191394
6232,-0.04558080232367015,0.9972382822207133,2.4072288409041667,2.6376989573619967
6233,-0.1416554333897605,1.0258768296686709,2.4332483450584337,2.567854706194758
6234,-0.4184307327219012,1.0895646296162786,2.4834423414811604,2.4720835475328844
6235,-0.7956415917761609,1.1776205017848982,2.5560363840516627,2.377079163335236
6236,-1.1315964343223264,1.2771318662903053,2.6521017772128457,2.32341533451397
6237,-1.3125633907846936,1.3655329153763318,2.755338912093516,2.345482137889744
6238,-1.262936484933875,1.432221262208423,2.8289857752628187,2.461080650688071
6239,-1.1773268153012617,1.5045636460438097,2.8610259196219188,2.595166352431499
6240,-1.279082195724888,1.6198115564448132,2.889466848759965,2.655862290663523
6241,-1.3648026890034957,1.789069154811918,2.9665400133949804,2.665370507627526
6242,-1.1662820168727837,2.007842213688238,3.1073806676335485,2.6732355814898536
6243,-0.8091664708215253,2.270303164002355,3.2902634724361213,2.6510766621620916
6244,-0.5050787634609634,2.5576962507142262,3.4950579443107843,2.5641319067933876
6245,-0.3169683761630374,2.8272036046559235,3.6975403506398057,2.417123221839582
6246,-0.2514289821612786,3.041731130888911,3.8789432762573903,2.227969992362924
6247,-0.1386347309359832,3.1958135209799976,4.010665910525845,2.0579504117016874
6248,0.20106194621164264,3.3082419542439907,4.07658584594823,1.9600323416076997
6249,0.5376495283369681,3.4285991969901906,4.1056983346152816,1.8624872114562585
6250,0.5867068961803192,3.6029076537276903,4.139256492957711,1.6781467071194887
6251,0.5375435004734865,3.822021306612095,4.189369940651643,1.4498338221476457
6252,0.6637843139125517,4.050699387832403,4.2565895810679635,1.2573785795161339
6253,0.9192797117002551,4.252249503320468,4.34330528042416,1.1468696889112746
6254,1.1788015865271027,4.400867600121069,4.446876971820026,1.1406937344745454
6255,1.3286939990976767,4.5227577975218205,4.5653851903051805,1.1741859694115275
6256,1.282812775840759,4.660041852979535,4.694891850047608,1.1615810863649605
6257,1.2464956039670263,4.80977973885724,4.819283282147353,1.148351831591132
6258,1.4560032886319842,4.952806473117624,4.919758577436736,1.197572238746043
6259,1.6873899484696337,5.0868980049506,4.986709365371561,1.217772908611247
6260,1.6455370279046122,5.206146336295267,5.016282911332981,1.1066148699159901
6261,1.4617181533062173,5.286369282560761,5.006305906602025,0.9068485366257137
6262,1.3562567053890748,5.306510411212832,4.960844397477955,0.6985923953698345
6263,1.3592379702128228,5.2670397681790675,4.893395074269767,0.5321611227926745
6264,1.4458069543418237,5.179188675971332,4.819089955761675,0.43864951121886475
6265,1.4741702960184726,5.053735244192505,4.748774643228272,0.350991626114726
6266,1.300621803885469,4.902494541307647,4.686527376180841,0.19193716033222344
6267,1.141962771896214,4.742326974562327,4.624056179438165,0.059427338011163594
6268,1.2550974475636854,4.583167644626282,4.548994544822021,0.07444065911584136
6269,1.4312998050928627,4.410031565399736,4.4557404895826425,0.17479796880331616
6270,1.3830685911861185,4.208385863580693,4.34457739423344,0.2563221936402724
6271,1.1730587415496116,3.989350290885524,4.223353869190863,0.3052440036168689
6272,-10.134348302645018,-14.973002951910408,-14.54976726225547,-9.245353167962275
6273,-10.47782032555595,-15.502135763412964,-15.115110925213607,-9.420935189402062
6274,-10.603896709839026,-15.987052316672372,-15.61658044626439,-9.380162370856443
6275,-10.706864917961157,-16.440333402771294,-16.069394388292054,-9.233703737301425
6276,-10.986895771328102,-16.883381266184372,-16.511623833806766,-9.122584299715662
6277,-11.21405353258999,-17.318838345477744,-16.995465945490416,-9.04281346344342
6278,-11.12864173559012,-17.739782740374366,-17.55432630673138,-8.949140543868882
6279,-10.845645835022108,-18.127405181710177,-18.147966893141792,-8.83926695983583
6280,-10.53634044723187,-18.461673231551345,-18.71407733571868,-8.693188342825051
6281,-10.240958513969376,-18.746946198554564,-19.22259246870567,-8.463633901366016
6282,-9.95623398636153,-18.992280890056556,-19.661439430458483,-8.111406948917857
6283,-9.514755515093475,-19.186595661332472,-20.041946523255532,-7.57876900609065
6284,-8.77956270324528,-19.327612932172322,-20.383786076397502,-6.85102616072561
6285,-8.027664813894875,-19.41069834474774,-20.682635697626544,-6.0828428199265785
6286,-7.557464048322694,-19.459295460731635,-20.928043942619905,-5.430880666099692
6287,-7.209696160524295,-19.515549044002512,-21.11876132045818,-4.84046361627434
6288,-6.769935871099513,-19.599348376388793,-21.26100895243182,-4.231927017771229
6289,-6.324459852741116,-19.69743888406856,-21.37516383813069,-3.6698823195320456
6290,-6.001780990596595,-19.765400572023168,-21.484361492934983,-3.248222975991525
6291,-5.866272192189083,-19.74298189175519,-21.603607054621172,-3.050648225936497
6292,-5.957028695859993,-19.655124936739707,-21.73368219021337,-3.130492470910239
6293,-6.13196222183682,-19.612002512957442,-21.849667104106278,-3.4128528534398654
6294,-6.2616854209584165,-19.663179056881713,-21.922492922448527,-3.795088607239787
6295,-6.590425096327509,-19.76966539793871,-21.94080072669973,-4.287835331288335
6296,-7.357214440168208,-19.87895554262999,-21.908187161239457,-4.92558676374972
6297,-8.348891664938257,-19.926344340362018,-21.847603593089108,-5.68042617010252
6298,-9.307224794959339,-19.837779721983292,-21.783745822301153,-6.532641497137853
6299,-10.256523243042171,-19.633678829563113,-21.720418218249357,-7.508185288649251
6300,-11.295941618577867,-19.432613837316644,-21.64853643281951,-8.629558698968847
6301,-12.59899596659742,-19.31001496893134,-21.54874683327788,-9.916373021013394
6302,-14.28301858062269,-19.253874596027615,-21.40312090390554,-11.356349913126579
6303,-16.044768019253905,-19.21855730864656,-21.21625995783495,-12.821411530053181
6304,-17.555994691864065,-19.162570224744876,-21.000873471112904,-14.191998253129821
6305,-18.99897222434682,-19.046132223094844,-20.759552463249218,-15.516275122363286
6306,-20.61323085371257,-18.830641558176122,-20.49205212209463,-16.875495393022778
6307,-22.26286985764395,-18.510245672723013,-20.20209351365237,-18.263409118609662
6308,-23.769090068636476,-18.11369023612222,-19.8874553095221,-19.64983205162701
6309,-25.08219009103549,-17.659243014542188,-19.529539331934952,-20.98524187219857
6310,-26.199840813929,-17.15514297654434,-19.11126747821943,-22.22236353044441
6311,-27.306421537591458,-16.579684754158304,-18.636331603067887,-23.40382979023839
6312,-28.565288370041078,-15.904089650371665,-18.115669507824645,-24.580603403951294
6313,-29.71896935342616,-15.089425613346004,-17.554763041405852,-25.686058102366534
6314,-30.49491014078172,-14.135125868185687,-16.95894574907456,-26.651615917408986
6315,-31.095350192280453,-13.078437119067964,-16.33694462025703,-27.5380674411285
6316,-31.774245913914136,-11.974476860486348,-15.694321245057685,-28.409669694767633
6317,-32.47753640611423,-10.853809783360939,-15.026043502304802,-29.22507359844457
6318,-33.095855293616914,-9.740409269057116,-14.329244189658747,-29.928972389440506
6319,-33.53406972414251,-8.673586281719635,-13.617387680142668,-30.492033616651074
6320,-33.739372784731884,-7.6830342079251785,-12.90792933030352,-30.90922563474207
6321,-33.94239687576189,-6.761916647977034,-12.210572843716108,-31.269565832089285
6322,-34.3675050759898,-5.902253346796273,-11.530369229482044,-31.65612802485026
6323,-34.80175670243593,-5.104519926686751,-10.870314413408098,-31.992095525647706
6324,-34.98283501598182,-4.379753861893926,-10.227142279345347,-32.18586488371522
6325,-34.99889270489926,-3.7123203851662234,-9.584859529208055,-32.27251247880293
6326,-34.986979946369196,-3.061163109892433,-8.92944834996372,-32.31297533375733
6327,-34.947588653168445,-2.4075478848681717,-8.269076963050766,-32.35888134608828
6328,-34.85364843924449,-1.763588006062958,-7.616273954889379,-32.43143643340352
6329,-34.569437728414655,-1.1292656429446077,-6.967219171826751,-32.41436996049543
6330,-33.986855602284066,-0.48279477908439106,-6.319782353197253,-32.18662568474445
6331,-33.34756092122109,0.18857011379579877,-5.685456138027801,-31.811291716284394
6332,-32.91568038865531,0.8252587337057576,-5.12750190489792,-31.405615084682633
6333,-32.372385040004495,1.3119143363032242,-4.711123170739606,-30.941558920679793
6334,-31.423651074837295,1.5680831910974735,-4.513101852722494,-30.40402014146828
6335,-30.313027893007234,1.6183406081088494,-4.50913736013583,-29.844474619463497
6336,-29.378935710329444,1.5535913288518273,-4.624067787662484,-29.31985291547075
6337,-28.696404664712905,1.488081819499087,-4.8086060502640455,-28.898959440990605
6338,-28.215166938226012,1.4902872526457116,-5.017250174486282,-28.607525294101375
6339,-27.66334616477707,1.554576639963333,-5.195894058434511,-28.30368904435685
6340,-25.803779989518855,1.689762975456744,-4.889839358903118,-26.78430998510016
6341,-23.897912834366434,1.7918159679645131,-4.555231975108033,-25.276059099967526
6342,-22.27439143150141,1.8340954512538217,-4.205127215850182,-23.89630953416803
6343,-20.79844561167293,1.8161353881310451,-3.857426365661578,-22.586764843903737
6344,-19.23196326005534,1.7594383810235434,-3.5286122810246945,-21.24292771038444
6345,-17.579267960295404,1.693523091202143,-3.22419746036127,-19.836493501781344
6346,-15.902638220152799,1.6460376138471318,-2.9412595302016973,-18.366056362832875
6347,-14.31677624947879,1.6320340053964901,-2.676198097326638,-16.866104139945758
6348,-12.928324461053492,1.6543336428302677,-2.4209953738505456,-15.38726647935497
6349,-11.533279477086946,1.6944033616195333,-2.1600185712272,-13.913123469567266
6350,-9.89502490520008,1.7410437950531512,-1.8799581190141263,-12.408685604811806
6351,-8.220854226273527,1.8094378693146096,-1.574795785812368,-10.912225935691799
6352,-6.7919566890098855,1.9315916413429295,-1.249821081127996,-9.466308300219938
6353,-5.515612229089695,2.104257033242531,-0.9329436701516205,-8.021012361129287
6354,-4.219922304199043,2.2818804723365624,-0.6553712510472595,-6.530051559147616
6355,-2.8733114088244465,2.409859777049822,-0.4238850957533089,-5.048253558863234
6356,-1.4832295850726376,2.4481165536690965,-0.23045068540594776,-3.651772165988946
6357,-0.19473819473038306,2.35800984002195,-0.06657391748704178,-2.4117390736096818
6358,0.8467977494927681,2.168801793395773,0.0823717302178012,-1.350806366715903
6359,1.8764283434247397,1.9835406831386118,0.2443126715842413,-0.29794812516428576
6360,3.1691538801694894,1.881549047837918,0.43970736241359304,0.9394385745634858
6361,4.513124610840239,1.8723753418768285,0.6560286550892793,2.3132363286424713
6362,5.616750971503641,1.9142571676366757,0.866692514765948,3.6958962496104486
6363,6.556989868478697,1.92896453657887,1.0549231863541204,5.049651628958014
6364,7.499371916060046,1.8553575501910915,1.2076656464001039,6.357250579636514
6365,8.555162144421791,1.6951134939912085,1.3120714649542173,7.631699173193887
6366,9.788873568025172,1.5055003751787752,1.364244206116767,8.901073555303661
6367,10.968701673863844,1.3272921683817611,1.3728050660184512,10.094291627201043
6368,11.831774460807504,1.1456734716080512,1.3527094907889312,11.138609802386055
6369,12.599919147034372,0.9162848421825299,1.321168390918814,12.123679573939784
6370,13.581421796493515,0.6255825983604969,1.291583592029578,13.165719294131792
6371,14.650515238856283,0.2935434966193691,1.264473930644403,14.250527012146694
6372,15.598608934523254,-0.03754070248747153,1.2319129081728368,15.327213344947776
6373,16.428470923794492,-0.35155686148540005,1.185146514674847,16.3713895908339
6374,17.19877895117777,-0.6448233535249001,1.1148793297742283,17.366237200616514
6375,18.068857900399358,-0.9160925512648079,1.0125181440420272,18.350952764434282
6376,19.185585551741724,-1.1723868767631094,0.8747584644897048,19.37292864241596
6377,20.31925331990948,-1.4215262438048002,0.7069982626809592,20.37581950813081
6378,21.18897923233253,-1.6710002527694017,0.5209628358261934,21.288030762770784
6379,21.981605345400922,-1.9359039592551748,0.3301825207760887,22.146849629645924
6380,22.96950849158657,-2.2247578373626498,0.14860752630104856,23.013791743681807
6381,24.07557408506038,-2.522979958619572,-0.008852077713615736,23.88669449281242
6382,25.15038328071735,-2.8077135842614593,-0.13432680191843438,24.758069970258816
6383,26.14146761950674,-3.0584227908416612,-0.23551354395944057,25.64252626487754
6384,27.0276941124434,-3.2652378203928234,-0.32827516534282797,26.55776160448487
6385,27.97650581221124,-3.4456530987032177,-0.4291788194936744,27.566797332817856
6386,29.15854708887761,-3.6262832656437416,-0.5498644523447553,28.716576796792165
6387,30.31495567622299,-3.824706521927109,-0.6899705041455058,29.8979592507321
6388,31.139713319286972,-4.043467797825666,-0.8380450917666493,30.98417280286626
6389,31.82741516044149,-4.249660454375737,-0.9747560683545514,32.03115620069095
6390,32.671401357409636,-4.404433572433163,-1.0828695439535323,33.12853599284665
6391,33.65882757312736,-4.5049398582784015,-1.1512298542448511,34.25573222638877
6392,34.688805879591264,-4.56683104296607,-1.183910082400035,35.35185558855298
6393,35.62376349051845,-4.614201141502453,-1.221989159599873,36.30757328634646
6394,36.33463711580671,-4.6686141600943705,-1.3043122366564792,37.02913501559525
6395,36.99618005687194,-4.719155772034474,-1.4216842045223983,37.5993475839919
6396,37.821661335623155,-4.7433035579983915,-1.5379372868247423,38.150898432247125
6397,38.5928202233907,-4.735131505925114,-1.5950824711259544,38.68272710954443
6398,39.02010037484173,-4.6983931595390525,-1.5459722248043186,39.14856507281126
6399,39.17350568657616,-4.650723807943082,-1.416515767350576,39.540953266971414
6400,-0.5334797813781585,-13.655292816497038,-14.121987259382836,0.5224985371642832
6401,-0.9828565771149897,-14.236659879619515,-14.721615814599359,0.16104827105787423
6402,-1.3340544563002468,-14.809186189843818,-15.335969996889595,-0.17787336934638098
6403,-1.763639317855772,-15.344341376992464,-15.94193605623605,-0.5348081413575596
6404,-2.4223815003021225,-15.831053495048668,-16.51008903214612,-0.9476465830949128
6405,-3.0305647036274954,-16.27808281546865,-17.01964388572059,-1.307320079386127
6406,-3.294834427957749,-16.70576491728876,-17.459401182508817,-1.519583657622589
6407,-3.3848848005118204,-17.13472822864676,-17.82400994053105,-1.676137672016866
6408,-3.552635321848034,-17.579602080973473,-18.126727037328205,-1.899597350736721
6409,-3.8444070752657034,-18.045584555738778,-18.41302563451958,-2.233172865666023
6410,-4.253601668832976,-18.522185791417165,-18.73044943907141,-2.679033810051606
6411,-4.673837397382123,-18.979299888637197,-19.102168128443083,-3.1507613683562483
6412,-4.998954924135473,-19.383756026054797,-19.527745428945998,-3.5577039978521867
6413,-5.437266807866175,-19.712119460708116,-19.977534027847668,-3.9734740187805992
6414,-6.1817190227081795,-19.961523382582516,-20.411896900208145,-4.484198875740688
6415,-6.947176975766464,-20.160868881002507,-20.804247815189093,-5.003255702251976
6416,-7.430266160829703,-20.352677375018743,-21.143703074240637,-5.432796063603862
6417,-7.76741980110987,-20.57792064048696,-21.444204954323595,-5.800084141832168
6418,-8.172162096571242,-20.855924103656918,-21.726911501066272,-6.1597778074645255
6419,-8.71390727766545,-21.162460108999007,-21.99402662701346,-6.552508540481487
6420,-9.40258004173485,-21.450116137696366,-22.24095912144401,-7.008442565580769
6421,-10.046581795327233,-21.66424774296939,-22.466379267762562,-7.489985138850746
6422,-10.461974626281117,-21.76830374937025,-22.668045338261024,-7.943135207749733
6423,-10.884065721790616,-21.77874981110208,-22.847986054628905,-8.397500501719206
6424,-11.56724017180892,-21.738210437302747,-23.00936786701096,-8.880441764246864
6425,-12.302677373664267,-21.684468992559133,-23.14570893606237,-9.309175789020006
6426,-12.8362254804118,-21.646149391384284,-23.253839874842846,-9.61235819483239
6427,-13.222409217848254,-21.634658362718937,-23.346132589076177,-9.835443066259595
6428,-13.574832218931233,-21.64172886787557,-23.43537878268221,-10.05265743294328
6429,-13.98544852099548,-21.634814583597834,-23.530026945310848,-10.334252277556937
6430,-14.511556765965716,-21.58608047411868,-23.6229661321695,-10.714704259921927
6431,-14.9691059228797,-21.506546139795812,-23.670989210659226,-11.088801179177871
6432,-15.167921375755821,-21.416350005658305,-23.62848835959647,-11.338718666435492
6433,-15.281559531272787,-21.327252509458983,-23.479246037480742,-11.507179279298636
6434,-15.512159248053731,-21.23359869767516,-23.23156390729099,-11.667942371916446
6435,-15.735602800134826,-21.079685150984105,-22.92384918693755,-11.804971096783976
6436,-15.798601005684597,-20.812396167250665,-22.598885547382856,-11.89364167958788
6437,-15.712298124147676,-20.444371167248832,-22.271837679939107,-11.93280076328111
6438,-15.540924280436414,-20.01702019724551,-21.937247260471665,-11.925204203240737
6439,-15.472666433333,-19.570302668405905,-21.56837066156285,-11.9174227071845
6440,-15.660771756766845,-19.139366835170478,-21.13689534032067,-11.953427476568153
6441,-15.880769690635082,-18.742459741406012,-20.647907580409086,-11.974836850157546
6442,-15.888765735263581,-18.37298706088981,-20.12081437889773,-11.931893662062693
6443,-15.878832715354507,-17.98918770493907,-19.559909758609482,-11.919816870469138
6444,-16.084174140015985,-17.551231522718528,-18.976144438475096,-12.038668648884936
6445,-16.420312421535968,-17.066560249726365,-18.41063536162161,-12.280380262217268
6446,-16.75105358183907,-16.563267891608888,-17.8965374593073,-12.593672199442041
6447,-16.984744811285516,-16.0625793605777,-17.42451508876683,-12.874312960281145
6448,-17.077032022420706,-15.585018246383045,-16.968658490357896,-13.039354782979673
6449,-17.255175104078404,-15.148406824462628,-16.503488289155772,-13.185395379450233
6450,-17.727805505677736,-14.753546590079193,-16.00705942343935,-13.432824324123537
6451,-18.2241510907374,-14.381192291359124,-15.478329051703396,-13.721619651131464
6452,-18.43692120210051,-14.000440925686357,-14.924461575437375,-13.968741582998684
6453,-18.50517535849977,-13.56561392595115,-14.3391701853092,-14.218777060935876
6454,-18.633046247030276,-13.046225332184028,-13.717417832873373,-14.514352630977163
6455,-18.81602833742059,-12.46873170508117,-13.068419786293138,-14.820872644064597
6456,-19.008698575316554,-11.8760408496121,-12.404351993559397,-15.090405176671013
6457,-19.089664318698656,-11.279977965542928,-11.734041806310783,-15.244648953847744
6458,-18.96466283208092,-10.683101283821783,-11.065995013353316,-15.242070598160353
6459,-18.871891329852268,-10.096910624018038,-10.403622142056644,-15.219838506469523
6460,-19.019203245387164,-9.551234018038084,-9.754455075396955,-15.238693100421616
6461,-19.014202919395764,-9.062291753268402,-9.139547722848743,-15.159830846103159
6462,-18.460089170490743,-8.649772190736277,-8.574523295008524,-14.784774620223171
6463,-17.601615481075587,-8.263718091743717,-8.045174066266133,-14.224556791233361
6464,-16.823094011031735,-7.837870615856174,-7.524426897251553,-13.67870262524126
6465,-16.138252883730217,-7.38224469733437,-6.9777576205284175,-13.18819419613306
6466,-15.47137433762452,-6.929519409418698,-6.379303216590149,-12.73375333267399
6467,-14.757166120367073,-6.4898178452466215,-5.735882210637079,-12.244797041031616
6468,-13.858781427670973,-5.927731250496493,-5.018820030982182,-11.584527592081926
6469,-13.009386540863778,-5.3543641344393516,-4.292985149498073,-10.886811068426772
6470,-12.410481753842381,-4.729665229882169,-3.5734993547507186,-10.266784985739879
6471,-11.885052786083403,-4.089112372790986,-2.8712457985143836,-9.667503751419034
6472,-11.201460975611916,-3.48674795217844,-2.198948164227866,-9.013342294485751
6473,-10.453381019129496,-2.9138277705429942,-1.5837169228879986,-8.367014910381913
6474,-9.804524299424678,-2.3556271732532834,-1.0475997743607302,-7.8236435458373625
6475,-9.331410315172796,-1.8512043966752751,-0.5862358276228791,-7.471614095363077
6476,-9.056278870674122,-1.4424906341144563,-0.1813848864416542,-7.36247438759647
6477,-8.75234454239385,-1.1417469395666304,0.18659482391969065,-7.378988268363127
6478,-8.181361818794338,-0.9406808040235792,0.5365067796182299,-7.36250112976345
6479,-7.5879497698686675,-0.786158482482921,0.8816313594106223,-7.326134818391517
6480,-7.292625732848202,-0.6200313038402824,1.224352613439285,-7.323448282477139
6481,-7.126850582745455,-0.4555324073584813,1.549532169564029,-7.3008790725784785
6482,-6.826245434814049,-0.324983939622578,1.8380053129382936,-7.194922442830243
6483,-6.406501729762327,-0.21053049676022995,2.086307706511419,-6.979346461782476
6484,-5.949822545771864,-0.08494055557910166,2.2995399400668717,-6.651951933223985
6485,-5.572106835256934,0.056504238754581604,2.481144830731469,-6.297453796090343
6486,-5.374518555408408,0.21254888252051934,2.638057209389724,-6.013854399702872
6487,-5.13459613493181,0.376443006403494,2.785637247490776,-5.760256165866351
6488,-4.602919527833823,0.5380680505506754,2.9371839810398863,-5.467390253524408
6489,-4.023811419960288,0.6937673555717695,3.0900450661610424,-5.205168812084436
6490,-3.7215746513891124,0.8482991942881587,3.2361262536430826,-5.052314624768795
6491,-3.6003910677583355,1.017768196844213,3.3768811129791736,-4.9500204962327965
6492,-3.4654787956583966,1.219500922210004,3.5118367215513624,-4.817539845793584
6493,-3.2465397527208775,1.45971128120988,3.6309348046724996,-4.636303092493329
6494,-2.920202605551689,1.7319364307855079,3.721636084100585,-4.415666524015595
6495,-2.6707676862364904,2.014771031505965,3.7627116454514575,-4.237497884112601
6496,-2.6929944755775965,2.281132901256682,3.7429556335265683,-4.1781272163109335
6497,-2.737301743056615,2.508509881656062,3.695657650000366,-4.135410069951203
6498,-2.487221471052014,2.6886837279913207,3.664353213859609,-3.9754426077756886
6499,-2.0930947702628355,2.8356451635810123,3.6602201623594914,-3.734367346253715
6500,-1.802871165019,2.9739459023099677,3.6774436089701683,-3.4939220174934356
6501,-1.600707008155811,3.14053799948574,3.7020738981708745,-3.2730594378575537
6502,-1.4138340111368075,3.3536312452751713,3.7141304423713346,-3.0752991536669025
6503,-1.1593365820656303,3.5551000915987236,3.703675166971594,-2.868659884997585
6504,-0.7704686676525757,3.6733079473061534,3.668135870964161,-2.6157657936357612
6505,-0.4542873326571307,3.7008093416649412,3.6048862620423017,-2.3732042224483703
6506,-0.4385744596869152,3.6634121601590497,3.516869065735618,-2.213485114054763
6507,-0.5181849617042908,3.6088329250072464,3.410662352808906,-2.1089777362770556
6508,-0.4107722876229284,3.5870223592251875,3.297755300940983,-2.0086729825712086
6509,-0.20282504284438235,3.587996651948883,3.206107678513994,-1.915314153097025
6510,-0.059662332520446074,3.5798847842464068,3.1582899894473697,-1.8382137019176834
6511,0.0069775704600830435,3.5777287336839874,3.1434282008886174,-1.7810914673032419
6512,0.018355542850171103,3.595637597239739,3.1354547082610433,-1.7459807469207944
6513,0.08936696035938298,3.5987540749120974,3.1081995695742792,-1.6753858035335916
6514,0.33055900602655564,3.5460427993752175,3.042059586575152,-1.5205896850235976
6515,0.5188832920303288,3.4104666545731077,2.9445277872460807,-1.3794966012423882
6516,0.40734718661707325,3.189625245341931,2.8358460394053475,-1.3637389412996022
6517,0.2278257149867439,2.9475105562341737,2.7230040750642766,-1.4186218092149636
6518,0.2899827477670552,2.7629467001344845,2.611122988390619,-1.4459347669378178
6519,0.5083897216165812,2.6548350208747644,2.5123642696271133,-1.4225248671158661
6520,0.7055635239847156,2.609272640801533,2.4375113144843077,-1.349117019106621
6521,0.8165616854995434,2.6056252827041875,2.3963897653558144,-1.2575367876874843
6522,0.8163180724254977,2.6129513278675143,2.3908930727133897,-1.1941948415183754
6523,0.8792089130462271,2.6026174924020955,2.402496479694757,-1.119091427412334
6524,1.1821213259211298,2.559998590283867,2.4021889569426236,-0.9880789794910803
6525,1.4625252988665625,2.4897978313169613,2.365263252556403,-0.9095920979974141
6526,1.3959182363841114,2.4104818991681123,2.273474504293065,-0.994839467953021
6527,1.1074179299193865,2.3442229580091216,2.112383336691974,-1.1707365885835221
6528,-5.683316125334963,-10.609157416014556,-11.234814349768785,-6.910772883543872
6529,-5.830175523527751,-11.013653859893857,-11.550188892416028,-7.08338756195037
6530,-5.844333073905742,-11.47741598055324,-11.850016101591878,-7.181876064824093
6531,-5.923732571347425,-11.96459233082701,-12.134875265589105,-7.300482079849204
6532,-6.259179439938314,-12.429085793839162,-12.404933947035573,-7.540686427976977
6533,-6.629393748681002,-12.858289760696357,-12.648176155842277,-7.8253582293456745
6534,-6.783797693842382,-13.25520156900902,-12.856451962407206,-8.053124679288615
6535,-6.895544120882687,-13.63134981719875,-13.043802043586906,-8.252216556135746
6536,-7.168333008874158,-14.000498413660395,-13.2291241642963,-8.463168658215693
6537,-7.5060947832023786,-14.360784332471228,-13.420826258630044,-8.662601452559795
6538,-7.768155174819605,-14.697951649090706,-13.620424029288444,-8.825010189773723
6539,-7.857269477707496,-14.995209709483952,-13.825196415149662,-8.922859955118778
6540,-7.733550022296592,-15.235148215587497,-14.026499104101058,-8.94555629211385
6541,-7.626945729382464,-15.394176351310787,-14.202814007490302,-8.976109750928915
6542,-7.770302602133909,-15.467688535037082,-14.340462291155832,-9.091459782242163
6543,-7.979721373731492,-15.502063817783457,-14.462021529819927,-9.229765276345177
6544,-8.025419841084695,-15.550617192694558,-14.592178395577722,-9.303450497121403
6545,-8.048683629111018,-15.631225581591227,-14.725058636674486,-9.309694099383574
6546,-8.207267144475653,-15.739106030120197,-14.841232314324039,-9.26079997104844
6547,-8.406917880247635,-15.847223840530663,-14.912091979782023,-9.152145459147853
6548,-8.516503311079356,-15.921934358913486,-14.913436720272282,-8.985908893100047
6549,-8.400063054572623,-15.951677918974069,-14.85480630312765,-8.740842750127388
6550,-7.997576771715915,-15.93885597053272,-14.760429293027618,-8.411615110513251
6551,-7.603672259440387,-15.888588309865543,-14.63712553868585,-8.093179194232643
6552,-7.520927681605202,-15.810473253566952,-14.49584788308142,-7.87733310104255
6553,-7.591009091811637,-15.720895711126518,-14.380224066039977,-7.728103008786281
6554,-7.577162144076077,-15.628971491202813,-14.322486767622358,-7.587525157154654
6555,-7.530525816097863,-15.516832873898645,-14.298175231844773,-7.463997068783502
6556,-7.538080584012721,-15.369223678410293,-14.267852766623163,-7.377356548648086
6557,-7.613388256221031,-15.204056917801228,-14.21610286330533,-7.362639171796512
6558,-7.75444366536199,-15.051146682331446,-14.137418737914253,-7.440274391209029
6559,-7.808587140278898,-14.94052364354776,-14.028602110432786,-7.514842873076668
6560,-7.6522569686372615,-14.892930785074798,-13.901211965594475,-7.496390340826859
6561,-7.538121012799764,-14.897535691638417,-13.786045488500331,-7.470535792263486
6562,-7.719493625044941,-14.930187989413719,-13.712384604763304,-7.539789921129193
6563,-7.995312116149365,-14.978225564741571,-13.69506987637816,-7.663099352684254
6564,-8.119612032523468,-15.031589940870822,-13.730649286100057,-7.779438076608535
6565,-8.14632388708194,-15.075764262160634,-13.783063362622592,-7.879857947630474
6566,-8.192652531444827,-15.101432339964301,-13.812708585552178,-7.97325384014426
6567,-8.405071198052273,-15.11025479868728,-13.815202077781402,-8.128111902998965
6568,-8.86667728754237,-15.10240549682732,-13.79758883644577,-8.397128130127282
6569,-9.264994725355052,-15.072221861707122,-13.757109542343558,-8.689174458979556
6570,-9.285770275570634,-15.009456069802622,-13.692336869602173,-8.890375270167333
6571,-9.152661347973943,-14.882605742786195,-13.599414143709296,-8.989202437817854
6572,-9.161493041159662,-14.673648937829014,-13.476069348161419,-9.006956424220173
6573,-9.239923848620052,-14.43198202846023,-13.342387507381186,-8.969794529792841
6574,-9.25246668125313,-14.21352776929371,-13.21575233082996,-8.912112873329743
6575,-9.129117644872892,-14.013956451509424,-13.074191457403282,-8.812817343484106
6576,-8.836873017262985,-13.814109803603857,-12.896221821183552,-8.65177519121369
6577,-8.578729213125023,-13.608289193009254,-12.698098309782655,-8.526238305035852
6578,-8.551326887465702,-13.392846890367112,-12.50297553310913,-8.511504889189148
6579,-8.526469641218087,-13.183400801132311,-12.330669718249602,-8.497315514118897
6580,-8.251199157204894,-12.986833875227935,-12.183743809654985,-8.350902875593047
6581,-7.90777785872754,-12.761193956789317,-12.008418373110256,-8.058938374707516
6582,-7.714685705405643,-12.452753732002007,-11.746096535655976,-7.6559155553486145
6583,-7.607697674859871,-12.024676932811035,-11.397799457338763,-7.20926285261591
6584,-7.466407188208467,-11.466005345642607,-10.984441286871235,-6.795844246651373
6585,-7.152628378821888,-10.810441116568771,-10.512623725406971,-6.408451771769017
6586,-6.576674895896532,-10.114193472441613,-9.990578631339986,-6.014343429110341
6587,-5.980042787409837,-9.433680951702076,-9.428485011987245,-5.676185486708996
6588,-5.6283394891429595,-8.831992906534717,-8.874448574827147,-5.440590918940467
6589,-5.25609391350488,-8.329671629953385,-8.389751806287638,-5.156734721947016
6590,-4.60610570692166,-7.93728372175556,-8.046381984267178,-4.706504059790634
6591,-4.0002970263191795,-7.637668064852952,-7.800089411958435,-4.242404281400148
6592,-3.8198215130260396,-7.398014665513058,-7.5729561159502445,-3.963793862194278
6593,-4.003304077940444,-7.207504378126891,-7.394295071744839,-3.9149697702118007
6594,-4.356984248800823,-7.06029055364266,-7.282617457272682,-4.064781421419763
6595,-4.677559373776567,-6.916627682835734,-7.246894046061759,-4.308486285485707
6596,-4.988888306246345,-6.874691965532278,-7.245595604462414,-4.465933824116194
6597,-5.283823802146425,-6.804990262387762,-7.247663378612038,-4.631048457155552
6598,-5.838926248056804,-6.735104554502446,-7.2464465346405165,-4.8668695831038145
6599,-6.4576408517636885,-6.659658689382089,-7.219616343659811,-5.077306517385469
6600,-6.853240682222613,-6.562921965282914,-7.145575287071242,-5.151162561194008
6601,-7.099977577482152,-6.420783455093788,-7.02304793896447,-5.135823245566613
6602,-7.349286889388609,-6.219093286265234,-6.863236369489225,-5.117416573822503
6603,-7.654206840242496,-5.9956695530407424,-6.681362666699872,-5.13833777984263
6604,-8.032664025722848,-5.805690627753145,-6.496673964808669,-5.212196140785389
6605,-8.307022319104123,-5.683256789286905,-6.329895750667841,-5.249658547634912
6606,-8.28856212399267,-5.6364221853059195,-6.192004684264924,-5.150167071991647
6607,-8.207982698706992,-5.628279526182,-6.076569933837726,-4.980724441009562
6608,-8.349559747512124,-5.597130777615687,-5.963251982361996,-4.846056367363383
6609,-8.517781508885244,-5.49220086336093,-5.816838688263545,-4.731705002406329
6610,-8.44017212479274,-5.28009427980375,-5.605902018425708,-4.590550980886607
6611,-8.179215460744887,-4.9491761932208815,-5.328753377791585,-4.3869251450150335
6612,-7.88533486775521,-4.51717862696143,-5.002383750199228,-4.096070023694034
6613,-7.7119790944611415,-4.037482169684498,-4.64919064012676,-3.777398133400436
6614,-7.77134714209757,-3.5701851234851785,-4.293768122962683,-3.509050341758193
6615,-7.828150538102223,-3.147279256200465,-3.954351150684079,-3.2620403891919163
6616,-7.59035868568421,-2.780581657313226,-3.641158482989133,-2.9848627442780153
6617,-7.242867418700267,-2.461744255657897,-3.3539608499726943,-2.7144973471320566
6618,-7.057257851070296,-2.1735717167011166,-3.0911827958356457,-2.4999332134977426
6619,-6.8806658815024635,-1.928131709552306,-2.866174198558664,-2.326638691825382
6620,-6.506865050262751,-1.7360322656397411,-2.6935931886647344,-2.174033910464826
6621,-6.009661575345806,-1.5571570589294772,-2.5750037287216516,-2.0527122223633434
6622,-5.526813254940325,-1.344998004053814,-2.501889037492263,-1.9756669238488829
6623,-5.215943252573141,-1.0896473915809808,-2.452864064792555,-1.9738819321769319
6624,-5.18992564989019,-0.8038667543235843,-2.404218963919031,-2.064340725541582
6625,-5.208311486822792,-0.523009482950529,-2.343828934367662,-2.1492832641537074
6626,-4.982317943902812,-0.2890595874097246,-2.2706908525686855,-2.126069634963898
6627,-4.685948644311341,-0.11985114110890654,-2.198745378963992,-2.0674479915289434
6628,-4.587454060124062,-0.011412892403773925,-2.142295275315996,-2.0752045618935937
6629,-4.625462644146842,0.055199616539427315,-2.0966272480064942,-2.107517071051385
6630,-4.663630244922681,0.10873285129870602,-2.0440478216667506,-2.088712764732384
6631,-4.626927461641522,0.17931460980741437,-1.9565371402357,-1.9751284844621924
6632,-4.469379740241369,0.28013639355707076,-1.8106063266375705,-1.7520823599184374
6633,-4.36257383869492,0.3947996275052206,-1.6075441981414396,-1.5166553787764712
6634,-4.498210596303557,0.488296400274998,-1.3673969210280952,-1.384725066814916
6635,-4.668871721312696,0.501276265440836,-1.128579676527281,-1.3263873262047272
6636,-4.610734898193959,0.39464175782851185,-0.9284300778821335,-1.2660417002650226
6637,-4.476693323934424,0.22214220291675002,-0.7671216269285698,-1.1983810708233098
6638,-4.49139164621236,0.06764186298457217,-0.6296972343575451,-1.128983950986101
6639,-4.628237448287071,-0.031052022309285027,-0.5172946866571478,-1.0559952246917939
6640,-4.792247937222148,-0.06365576526583588,-0.4317222720283805,-0.9842352270952843
6641,-4.827857995262487,-0.04924258366855208,-0.36734912729035796,-0.8678876887647113
6642,-4.6079898522306175,-0.024370279622407953,-0.31572915994952344,-0.6710748351269089
6643,-4.377121118531918,0.0013008728512778622,-0.2586051901531606,-0.5076911042465969
6644,-4.427342170658171,0.028498748969336907,-0.17776805827318876,-0.4968896050475425
6645,-4.566038637639675,0.03901571207541854,-0.07217190586152411,-0.5566067393942553
6646,-4.508084633884809,0.02184657854886507,0.051246264930380994,-0.5603172820288491
6647,-4.321839942830088,-0.008426086396918248,0.18850481180424408,-0.4975261636739651
6648,-4.156317925807898,-0.02677812401951779,0.3350644413834386,-0.3958286183338392
6649,-4.091315037089907,0.003738138843611377,0.4842550966700072,-0.3142396927455983
6650,-4.169593482656614,0.10966360926236879,0.6303873501754182,-0.30738170267712156
6651,-4.199692952388948,0.26518952210683727,0.7735952623937257,-0.2851023012483803
6652,-3.9640149767210917,0.42800262570029324,0.913638997328373,-0.13332955995382717
6653,-3.657354765028094,0.5844922814605704,1.0370421080669074,0.0866153145125859
6654,-3.5425433594111015,0.7357164268389023,1.1323287893171503,0.2750128275772842
6655,-3.4664848201036675,0.8923481995083279,1.2104559139776134,0.45551575803923783
6656,-8.805129085680598,-13.567575180377911,-14.845979046100501,-6.593410684701627
6657,-9.148335586236945,-14.095745518758397,-15.315865789114932,-6.731603346663786
6658,-9.429683477011434,-14.599393968788204,-15.842439563145911,-6.8114126841264975
6659,-9.780428179808515,-15.084190910538121,-16.413997698307902,-6.896314872788147
6660,-10.300448140702226,-15.548614353145341,-16.99817028313674,-7.044910876186303
6661,-10.73552846407003,-15.947084080336527,-17.55269797072848,-7.197766568274065
6662,-10.840808039944221,-16.243489496782097,-18.062088938958933,-7.285900552537855
6663,-10.878389172345763,-16.47187184538848,-18.519732484898125,-7.375626347181592
6664,-11.151258386700391,-16.68582497846942,-18.93125203776196,-7.535729503105092
6665,-11.553851075958947,-16.92111369305942,-19.294099517764728,-7.723440465835243
6666,-11.907390133798263,-17.19832419130064,-19.60545831824803,-7.87491058594252
6667,-12.125134716691932,-17.498603567844484,-19.868951372615626,-7.9299645028417
6668,-12.173571410902916,-17.791245533312985,-20.092684266409016,-7.863321716258901
6669,-12.281086615174717,-18.085271457980824,-20.289686162225834,-7.794301940048889
6670,-12.661437605184267,-18.393515574090415,-20.475902930416165,-7.852157857652428
6671,-13.033221519652367,-18.68800400454006,-20.668256872478928,-7.987766768402945
6672,-13.087538835207983,-18.94436455312282,-20.875658286221675,-8.12023477108655
6673,-13.022807253286837,-19.18268709058793,-21.09103199839445,-8.285761976365338
6674,-13.100307118159645,-19.427493464083962,-21.295790798153746,-8.521354079254824
6675,-13.291831262904962,-19.679264766086604,-21.464592084740033,-8.795727412089677
6676,-13.515081598102322,-19.92919051801984,-21.575322137330758,-9.065760064988092
6677,-13.663877961749,-20.160481600815828,-21.617381707569784,-9.268489012932172
6678,-13.664081672418906,-20.360990769460408,-21.59818684201693,-9.365678230089085
6679,-13.752933625341587,-20.536293278949024,-21.54831533986871,-9.441308063813102
6680,-14.16165525267437,-20.70766936887884,-21.50461355925232,-9.598565195783392
6681,-14.651214959725568,-20.92418324190741,-21.500414711969537,-9.827133259244142
6682,-14.939047260977194,-21.219250617812353,-21.54542828756566,-10.094407472064388
6683,-15.141143799520794,-21.555792048575338,-21.62188706077434,-10.432786517180942
6684,-15.420511670485505,-21.87316681654899,-21.689555909440372,-10.85955576714454
6685,-15.76156096817139,-22.129048767390707,-21.730669919261416,-11.333906753327824
6686,-16.107417446041616,-22.296936916836934,-21.757993337982725,-11.799359265119298
6687,-16.28186147644176,-22.384478610990637,-21.775309459247342,-12.17368109745594
6688,-16.156772174384116,-22.416582145372814,-21.763356133000336,-12.40385160907665
6689,-16.020675790469078,-22.39659120599631,-21.70413430123029,-12.569051695703916
6690,-16.174514043922105,-22.32647313176512,-21.60446861278529,-12.763233012801685
6691,-16.436006945141862,-22.241220475280432,-21.489291411760846,-12.963695543312932
6692,-16.5444240132415,-22.166259564632213,-21.36588219530701,-13.121287603442866
6693,-16.507729642736436,-22.062469574694365,-21.23128176271832,-13.204734385444374
6694,-16.38440659975906,-21.89203784699981,-21.075505819070614,-13.200098232122803
6695,-16.23969936006063,-21.686660191548512,-20.902673480260106,-13.19540341330495
6696,-16.131455334500423,-21.485654565484847,-20.717889450879973,-13.266911016585231
6697,-15.893342920915128,-21.29785122459936,-20.513282127429704,-13.294817156861132
6698,-15.379922944076695,-21.108549588381152,-20.280872904380782,-13.14763569129557
6699,-14.849415863880694,-20.848317732102647,-20.0208069447523,-12.883723436317437
6700,-14.574415338919703,-20.452542052049964,-19.733391294427705,-12.595262880148958
6701,-14.434675413008287,-19.947820829998747,-19.421296271576644,-12.293805492705014
6702,-14.240142862366689,-19.390740750714407,-19.08124617065094,-11.973792194828405
6703,-13.938700381769326,-18.801198694169063,-18.686605654373345,-11.60105778631217
6704,-13.52885822462376,-18.19519929992205,-18.215197037849524,-11.14282967447188
6705,-13.177709052980383,-17.60762874587397,-17.675033274035677,-10.669064684760645
6706,-13.036470324202027,-17.053254173617947,-17.090514505891683,-10.255009552966442
6707,-12.862073960956563,-16.503677792541335,-16.501063238268134,-9.840086153712564
6708,-12.400115702076326,-15.920568672083059,-15.938142494020436,-9.361687073090227
6709,-11.85557499020884,-15.268443443338427,-15.389100871999801,-8.893191261471594
6710,-11.47991310852852,-14.5363329823898,-14.823745743170393,-8.51850281755742
6711,-11.213171860338546,-13.781931676139203,-14.225207406406525,-8.244990727614487
6712,-10.938176642506479,-13.071460788694875,-13.579728865669722,-8.051475305684747
6713,-10.560530289604543,-12.413436169457555,-12.87377737091581,-7.866298838855831
6714,-10.023260894175042,-11.791956362124822,-12.10387494226736,-7.626157981827865
6715,-9.543348108955717,-11.177486596073653,-11.276895901324426,-7.409683348229963
6716,-9.345547703552437,-10.609464748847977,-10.454407161325888,-7.32129636525827
6717,-9.130884463456221,-10.17584036045022,-9.763027592675257,-7.298167620837272
6718,-8.615517093296287,-9.995305827242047,-9.283384230016416,-7.278441344907686
6719,-8.170098502844617,-10.037255815161195,-9.007862522399472,-7.364169300755858
6720,-8.208015596160134,-10.198918366669563,-8.865073683816366,-7.6520399505121315
6721,-8.52780680486466,-10.395692391834244,-8.776984139982808,-8.079545547135364
6722,-8.803055534749394,-10.558026255966142,-8.667178395071698,-8.533366863591436
6723,-8.924154969659773,-10.66125865563856,-8.481683140688197,-8.911498116215578
6724,-8.575492689311439,-10.338103792639535,-8.242630507511421,-8.78994881724245
6725,-8.217763473802671,-9.986862823793013,-7.977569831828858,-8.599782978269985
6726,-8.062694836548038,-9.597300959724851,-7.702347922856834,-8.425799983547568
6727,-7.904405516913265,-9.140167005218771,-7.416226262705539,-8.222179495573371
6728,-7.46820260516062,-8.592537558362707,-7.10773774251815,-7.91509438551
6729,-6.866203176955227,-7.984955369762444,-6.763979031686612,-7.52991897635822
6730,-6.295020967914369,-7.366831532404232,-6.377999320977031,-7.113566122986607
6731,-5.790594267621609,-6.763448480830441,-5.961009546067465,-6.690409832071858
6732,-5.343807384880771,-6.188847544946644,-5.535672810225607,-6.278027505173137
6733,-4.821160071849496,-5.648375286496771,-5.129679365182521,-5.8325234929006085
6734,-4.087299070230219,-5.133667690145447,-4.764558200833341,-5.310544035123158
6735,-3.379043549867766,-4.640372734522891,-4.436982196040404,-4.808837779235396
6736,-2.9651401386707836,-4.159429466520361,-4.130577301877326,-4.436199206704253
6737,-2.6059397329969958,-3.6445823031650253,-3.831737809812795,-4.137727081037322
6738,-1.9832084626542497,-3.061011779230051,-3.530017237321539,-3.8225061681212744
6739,-1.184236573203199,-2.4514749560759626,-3.223987356109072,-3.4769426834995363
6740,-0.40133562280146196,-1.882116381138746,-2.9191155588960878,-3.1190359886458663
6741,0.23475721734285002,-1.3880027054472686,-2.6198022269774697,-2.830970336178259
6742,0.635938324783252,-0.9808071041006925,-2.3305082806484156,-2.694794453628301
6743,1.0096033816766623,-0.6365771541667992,-2.0576259959505756,-2.625575241197681
6744,1.5921646317838993,-0.31593810848201,-1.8067950610257424,-2.5069294410050764
6745,2.112452226721525,0.0008475016743374753,-1.576351496820407,-2.3983257530919695
6746,2.225106070998746,0.31436997328495453,-1.3636735901254486,-2.38795736581959
6747,2.0787768294541715,0.5935674038563092,-1.1823119325803153,-2.43526820023772
6748,1.93720081945967,0.8015969311180886,-1.0406619503485584,-2.472884320182393
6749,1.8491716315279363,0.9479144011136386,-0.9121360341614482,-2.466346343978381
6750,1.8064729876709988,1.0566774264613068,-0.7644166516383191,-2.3967802284901545
6751,1.706609462414349,1.1230002088515616,-0.5834223715667621,-2.3117782073040525
6752,1.4316553385870536,1.1398162200231814,-0.3723484860302539,-2.2762874753566895
6753,1.1688838768272667,1.1164601084349113,-0.17349294777190502,-2.253159640656328
6754,1.1370334282713839,1.0640770211057144,-0.0295639943624317,-2.189262240208512
6755,1.1285644384311648,1.0039360287682038,0.05765389459598125,-2.151791773204581
6756,0.8771942220659577,0.9528200549360606,0.11295498930000461,-2.208755927465479
6757,0.4883454820496569,0.8767919608521555,0.14756398856602723,-2.295853894226658
6758,0.15439102905265029,0.744709877832046,0.14937177260102547,-2.317424079622514
6759,-0.046432125775260624,0.6055765681849421,0.11723354231584626,-2.2181441704021942
6760,-0.08166009520981038,0.5265438877638156,0.07790261645881087,-1.9778192025671246
6761,-0.10014365335716957,0.5351914354601752,0.0614033036618749,-1.6704612587711978
6762,-0.2715129811439309,0.6316720506663881,0.07610894273894121,-1.3957202806780882
6763,-0.39276399535634776,0.7663641233360167,0.11272069403227207,-1.1470157922367912
6764,-0.21683238382344966,0.8775544336430521,0.16349113536142978,-0.8863015104683113
6765,0.064217366889598,0.9706110654605977,0.20368420777781443,-0.6406933530363583
6766,0.1853762713939321,1.0732917412612055,0.21168573454556067,-0.44010859423899185
6767,0.18384003518585512,1.170346822544634,0.17641252945055075,-0.27119877030674555
6768,0.17518022157310842,1.2441652056203336,0.10230474260547136,-0.1144174516417783
6769,0.27881040626415426,1.317197454680944,0.017339183087178033,0.05095929417339212
6770,0.5829455460031973,1.4135712959794609,-0.04383399713778954,0.24131150043245148
6771,0.8603506276097732,1.518810861352131,-0.055163868153924794,0.4165138780926143
6772,0.849453729396918,1.613399392776096,-0.016233396167794352,0.5352053266440018
6773,0.7681825878159307,1.7110370724188124,0.059229142609015434,0.6655503452309371
6774,0.9165245417245832,1.8293704057481006,0.1309516757936744,0.8817724744662208
6775,1.1693140741027577,1.9597135676304434,0.15389276881820485,1.1239268709816304
6776,1.3189013029671077,2.0890075098845466,0.13049605120315017,1.3037765547248412
6777,1.3613384235533,2.214484263021902,0.11191366437644007,1.4022600972469337
6778,1.340994292025755,2.332906489264558,0.1617723835403636,1.4298863645713902
6779,1.390895457363179,2.4494662402422276,0.28014742515372454,1.4450172379551203
6780,1.632957623624267,2.562491569777895,0.4436432020539837,1.511352292196905
6781,1.8234942753548733,2.622154801622062,0.6132584993368384,1.5749660174838827
6782,1.685683891261798,2.580643981358481,0.7720088926233643,1.56173399875714
6783,1.4484104357949703,2.4591347575575075,0.9097281118290365,1.5321865503915513
6784,-7.575011210008793,-13.790221668152835,-13.7374487942267,-5.617040919708406
6785,-7.5644800442170625,-13.873365330711085,-14.127648674491397,-5.585312650495613
6786,-7.530096684045873,-13.991642952139179,-14.50746165655789,-5.463215461459493
6787,-7.598069991461494,-14.14991650104621,-14.871396850479579,-5.358344085338792
6788,-7.865539255602012,-14.33528787470573,-15.21062517544174,-5.382011626240841
6789,-8.138298321148852,-14.544551312794246,-15.526102666246262,-5.502865158007069
6790,-8.213026696399833,-14.777907273247454,-15.822145914988443,-5.644578765150318
6791,-8.28529696374432,-15.046462909447545,-16.1042361365806,-5.793936969077374
6792,-8.580498295696833,-15.367790843988788,-16.37829975574215,-5.940097217094825
6793,-8.98550573923232,-15.760436475939443,-16.64676392637713,-6.031705707193767
6794,-9.343706131315232,-16.2271349601137,-16.90956552628535,-6.044504398487157
6795,-9.622649176547553,-16.734911438410364,-17.165428930619008,-6.021315644792825
6796,-9.835347757601578,-17.237493479199177,-17.41281242323641,-6.023854961588682
6797,-10.165503734454465,-17.69566094913061,-17.650853217448343,-6.122571174541742
6798,-10.762809107157876,-18.08700120835981,-17.87810904105589,-6.356565582592412
6799,-11.348634659444466,-18.41941305125854,-18.095868892798013,-6.641260181222004
6800,-11.628620004471749,-18.71874156777997,-18.298913038137982,-6.880532465032204
6801,-11.788622941178852,-19.018982296150064,-18.478654854191472,-7.1169080887810345
6802,-12.076297272539128,-19.341875218935677,-18.621270454866995,-7.406469982817765
6803,-12.449115838808666,-19.667471086525563,-18.729714720490872,-7.712342234247192
6804,-12.809386867546614,-19.961682954416954,-18.8278194679491,-7.982204332419603
6805,-13.051295342970855,-20.205510528835955,-18.934461429838848,-8.151681213232688
6806,-13.097869531511382,-20.3893310692332,-19.052758029586986,-8.189440652509212
6807,-13.161116073715647,-20.520902888056813,-19.177730690587552,-8.227296412225634
6808,-13.441816987271848,-20.61420560661902,-19.307047092928688,-8.39861462488758
6809,-13.672079569465826,-20.661609818000187,-19.440112296919903,-8.627335523141058
6810,-13.559967878527226,-20.657998195937655,-19.575409093045614,-8.798737885772209
6811,-13.25881998738029,-20.62734094609742,-19.695326325133195,-8.918513901931734
6812,-12.992165651794485,-20.594204202368992,-19.78565299072782,-9.011104617845147
6813,-12.793079882545955,-20.566773160777203,-19.838578791672454,-9.08119749576532
6814,-12.64531173952533,-20.535452345268126,-19.856676554147878,-9.133037441351565
6815,-12.420877352451413,-20.46007274640266,-19.846211999827304,-9.11369690949417
6816,-12.001940677170285,-20.296423079541185,-19.795791410231743,-8.979699414756583
6817,-11.60702321874683,-20.023709147568272,-19.676471917353858,-8.820673425660447
6818,-11.453457403968146,-19.6427982271836,-19.48467197931813,-8.730587441969279
6819,-11.302539302085348,-19.1864619697531,-19.256083032333912,-8.65355011318872
6820,-10.891099808083172,-18.693180690956133,-19.02840715154693,-8.51765336294471
6821,-10.345882643084426,-18.16755932201712,-18.829102219992773,-8.354265762739507
6822,-9.861425432369956,-17.60598280887426,-18.64923773694347,-8.207933904329119
6823,-9.523642218722914,-17.02285622690273,-18.452598182209258,-8.100835889597445
6824,-9.365807707638924,-16.4385950770993,-18.221080900885273,-8.042593220285644
6825,-9.208271197748262,-15.872967958127312,-17.961287167806013,-7.964830170768625
6826,-8.875084625150361,-15.351524637053855,-17.69237160211273,-7.811717211567205
6827,-8.599882813965085,-14.90748138756787,-17.421826822339966,-7.6920232083807925
6828,-8.629418145734673,-14.563605435894727,-17.149192240295772,-7.719402642716217
6829,-8.752111593727545,-14.320534434273764,-16.860862681615203,-7.8336682271041145
6830,-8.711931324230227,-14.156811670431981,-16.53881682291103,-7.939679799500916
6831,-8.555142513457731,-14.021407272472313,-16.177560881547397,-8.016827872904793
6832,-8.387052827303746,-13.860103604418443,-15.775762739246531,-8.05637438243691
6833,-8.31037872355743,-13.651874139658847,-15.328034996221799,-8.063115020029588
6834,-8.3923059492519,-13.392686081554954,-14.83165129775175,-8.046519708097222
6835,-8.410139286378357,-13.073270232638343,-14.288397069887393,-7.94354006486595
6836,-8.15378275367894,-12.69846212538254,-13.704843754946284,-7.7070116392172086
6837,-7.883799049345356,-12.303000690388334,-13.094423688355064,-7.434191023711412
6838,-7.8908661108240095,-11.923186192210501,-12.473460863473566,-7.230462406245931
6839,-8.045424237895505,-11.57259624857821,-11.857897152338197,-7.076818003337959
6840,-8.14606998052015,-11.249921309969654,-11.257789672711624,-6.921542911230557
6841,-8.122511164941866,-10.942867127876715,-10.67393676577769,-6.725472123968265
6842,-7.963038216300304,-10.62851935518282,-10.101198927922436,-6.466549694253961
6843,-7.8719833231391565,-10.282872169976558,-9.522229865368148,-6.206003174988957
6844,-8.041657340429913,-9.921375976501782,-8.979153804436853,-6.019537677316714
6845,-8.148047973259006,-9.549368610723882,-8.589851956082677,-5.872203773964186
6846,-7.8708963215513625,-9.198696020893788,-8.41937556077958,-5.717095060650979
6847,-7.536927700396682,-8.867916556551755,-8.41549654831789,-5.6316878187561406
6848,-7.539201273371826,-8.535393822458477,-8.47412199655977,-5.681804162148156
6849,-7.686446926672118,-8.191658798264626,-8.501617165871977,-5.757714701300759
6850,-7.6911547415420625,-7.8558134445954435,-8.45142003181398,-5.731491414198593
6851,-7.533917982923092,-7.486269627181732,-8.326623938340909,-5.5911917555198185
6852,-7.1495602914445,-6.863528308157514,-8.044437060879364,-5.319584724894072
6853,-6.818935819339161,-6.241954572320809,-7.72905629885261,-5.036185471282298
6854,-6.725948404777,-5.608818793519262,-7.369356341341384,-4.8211512174116375
6855,-6.681357135773256,-4.975375719251095,-6.96125976379093,-4.637255920368204
6856,-6.434431738573134,-4.365808724766767,-6.505281046592642,-4.422785898312396
6857,-6.121080932936724,-3.81726196931159,-6.007059693562821,-4.213866057804939
6858,-5.9511958048322775,-3.3634459033697395,-5.484498295536093,-4.0650899303988695
6859,-5.890534951428807,-2.996993934503012,-4.980096477387715,-3.9933613508873522
6860,-5.857383156433181,-2.6937591625322876,-4.547608264054135,-4.002384097230536
6861,-5.800624611612193,-2.459234990610016,-4.202515032058756,-4.04384384927332
6862,-5.685388369885817,-2.298119843391734,-3.909542116005883,-4.068656670940126
6863,-5.670771235357359,-2.1665147450267246,-3.6167485574417833,-4.1557126104019275
6864,-5.917342689325336,-2.0235550055834093,-3.2954845043284497,-4.391537425295909
6865,-6.206501059177172,-1.8983082702534666,-2.950707816423663,-4.69442726754528
6866,-6.26721312960339,-1.8366941102452006,-2.60584803500452,-4.945166660737147
6867,-6.20015738685559,-1.8359621468472112,-2.2917869590547078,-5.124410929168257
6868,-6.1933542879204415,-1.880757447838981,-2.0280540179026185,-5.244229943810209
6869,-6.295423296655851,-1.9810709727550595,-1.8118616167205668,-5.323932146253012
6870,-6.502421838163972,-2.1343721056758165,-1.6172276943499522,-5.389400125648093
6871,-6.644812545385277,-2.3022918406207347,-1.414165680960899,-5.404712549384012
6872,-6.5495946914137795,-2.4366543407964207,-1.188873430875163,-5.323825657013615
6873,-6.442868649508105,-2.47335807366797,-0.9374133406334779,-5.203049626216914
6874,-6.6066852436112145,-2.37570852468669,-0.6725726654520883,-5.111126786933188
6875,-6.875499370068426,-2.2197553559388727,-0.4189535364449677,-4.995019381364033
6876,-6.994510893987126,-2.1054964866465697,-0.20409851938141538,-4.794866340308433
6877,-6.987036759979083,-2.0459761978018007,-0.05098938620744144,-4.57237706874228
6878,-6.940534269071821,-2.01275922449741,0.02999360526959903,-4.411397705274282
6879,-6.934540778717245,-1.9551423182695755,0.0506173598324509,-4.353958722765432
6880,-7.032071361491212,-1.822706476688576,0.03378470125705718,-4.402921168612746
6881,-7.044085549401841,-1.6373011281542922,0.002513060918721763,-4.448109042721955
6882,-6.761385240117879,-1.4448744140148717,-0.02609991966172355,-4.363994878978939
6883,-6.40483519973914,-1.2502091124671333,-0.056390917079225014,-4.184332083200713
6884,-6.256478837369541,-1.0404932779970153,-0.09608162412503232,-3.99143730873218
6885,-6.166683282080555,-0.7815731024693805,-0.14263079812069518,-3.7764975716274725
6886,-5.908304219213101,-0.44338636594286396,-0.17892757313903973,-3.51714031930273
6887,-5.502737063462699,-0.05994992396859822,-0.1963176564848805,-3.227238637038127
6888,-5.037686946714068,0.31655298967811263,-0.19105970134632588,-2.9170944527786666
6889,-4.6626261233902335,0.6660307608126999,-0.14785752368373892,-2.615502144206122
6890,-4.505136795841647,0.9898715246093401,-0.04610100077527107,-2.3441902931979164
6891,-4.33817201665297,1.3273266965654447,0.126234614427849,-2.010550060239481
6892,-3.891747149072787,1.7174836803033258,0.3620500822785382,-1.5334504018636865
6893,-3.3654513569580637,2.1372495595822096,0.6253540206556774,-1.0472388690006404
6894,-3.0505233403229077,2.5334213097787757,0.8617815136003413,-0.7223996177506891
6895,-2.894088775400406,2.8486340405891,1.031110626327001,-0.55720949085865
6896,-2.7652696092089504,3.0422409569120066,1.1288862344307165,-0.486350006686455
6897,-2.6155469417840824,3.134011975003896,1.1750486914263278,-0.43798838525829353
6898,-2.4189597016672306,3.175481824642541,1.2058425473473249,-0.3420983614610978
6899,-2.3248874134851927,3.215223714638928,1.244957590982654,-0.24562321020156413
6900,-2.488384480780163,3.2829532753126096,1.3006204449738474,-0.22193091645231722
6901,-2.678232683461984,3.3582001095258662,1.3817451890329833,-0.1880299346482352
6902,-2.617356864970395,3.39540124595603,1.4806367148580468,-0.04933568317400584
6903,-2.4618021850207605,3.3526078869988454,1.5719142578616698,0.1267248806478886
6904,-2.4549449084817474,3.2077593204847457,1.6442496952572634,0.23729334283213013
6905,-2.5910028716510856,3.000048342093676,1.7079112543321437,0.23306344075316354
6906,-2.792346233732693,2.7872666301441855,1.769391812124276,0.10576128485453559
6907,-2.9288529240631704,2.579072115528999,1.8232731690255983,-0.04583350106305849
6908,-2.8796368817915097,2.3671619643945006,1.8595803252245529,-0.10088328286309832
6909,-2.8214844867250837,2.1519996541861866,1.87736088576215,-0.07337371141461155
6910,-2.9733142036802667,1.9375815549021467,1.8793395955862726,-0.030073504681516677
6911,-3.1571373636368523,1.7401869780142933,1.8701455509692333,0.01843277538587995
6912,-5.042513665824607,-11.138091981312382,-10.824261350449108,-3.2456220183144633
6913,-5.132693862345703,-11.49814571194668,-11.121502463006923,-3.220824588487914
6914,-5.299391139998308,-11.82859260949905,-11.433533436483362,-3.2412039051155404
6915,-5.601145564947859,-12.147432117570162,-11.731727833839727,-3.3408338573436573
6916,-6.0505896123066165,-12.469319920841343,-11.99337790030682,-3.5227597369746926
6917,-6.448095667604702,-12.799877743941465,-12.222922560510513,-3.7162064918593463
6918,-6.611113126009566,-13.13673420782742,-12.447957357750845,-3.8514882315441783
6919,-6.774298003110016,-13.472690081914637,-12.689018211384642,-3.9912597189186068
6920,-7.199508228789912,-13.799444273052146,-12.938144492862277,-4.214210000094004
6921,-7.743819354686147,-14.11374948612628,-13.168859714806096,-4.485686723737134
6922,-8.205753242768056,-14.412920726372832,-13.370238287962744,-4.7516125757452645
6923,-8.5641437754181,-14.691174053509556,-13.553766517065306,-5.002400796121847
6924,-8.852797595542754,-14.940767845602329,-13.738463932562155,-5.23350529976526
6925,-9.234675163617517,-15.148830869018992,-13.924609634180698,-5.463704256089794
6926,-9.846728761558508,-15.306481813561987,-14.105058985932779,-5.713105237118603
6927,-10.45493227488388,-15.420406074948385,-14.264927517394648,-5.909289361666052
6928,-10.801531206584222,-15.504632312049358,-14.392289509507142,-6.001614877486528
6929,-11.04763253335821,-15.571498617916,-14.502466475997917,-6.130318907379637
6930,-11.397336015630142,-15.63172121141221,-14.61132384218628,-6.427744357467462
6931,-11.75785726000936,-15.698389813811906,-14.712294586596016,-6.825085840819037
6932,-12.003876599723183,-15.777680231461366,-14.7916464550799,-7.198169237099214
6933,-12.092849111690468,-15.850875640944311,-14.823407095644594,-7.434450806669567
6934,-12.028791533552763,-15.912930777467533,-14.814044085417759,-7.470515400717799
6935,-12.025743730106417,-15.962297170406117,-14.792506709791189,-7.441233794811825
6936,-12.27702182953406,-16.032925221654246,-14.83565878177279,-7.50898004125435
6937,-12.55104642930934,-16.159427017159764,-15.04670637548449,-7.620057119405054
6938,-12.592828817476189,-16.331531646093698,-15.439288126711773,-7.687305555250688
6939,-12.596071749035458,-16.516735768162604,-15.935917309850742,-7.761571127903539
6940,-12.795317986535403,-16.67541630502712,-16.45143671880516,-7.903874319998293
6941,-13.133414133124715,-16.80404576357531,-16.930909100215025,-8.133878835166943
6942,-13.494307744863773,-16.917195119629675,-17.3479993656876,-8.453426293801735
6943,-13.741405619585484,-17.029657220420773,-17.6906944030388,-8.77132875605664
6944,-13.783880102679401,-17.152518690132304,-17.968460790292994,-9.007516322554963
6945,-13.872513815946682,-17.288879205910103,-18.186157942587112,-9.285568380458425
6946,-14.254967569477154,-17.42428630964846,-18.34827936516527,-9.729879898116153
6947,-14.67236945311165,-17.50912865648351,-18.45884098115549,-10.218093709671146
6948,-14.826347456017055,-17.502541308473177,-18.487603050882672,-10.602092974692491
6949,-14.855340219563388,-17.41987843408379,-18.372631885098897,-10.909780802765948
6950,-14.961581690621252,-17.299118660624885,-18.100703226531646,-11.200048651967208
6951,-15.179713967519106,-17.18105652148378,-17.71187937389837,-11.494209617229368
6952,-15.486650982170683,-17.09293243472165,-17.242862847266117,-11.804460267646302
6953,-15.69381658999382,-17.006776879918224,-16.74224931241352,-12.061205334728788
6954,-15.624870468228648,-16.879035253168635,-16.249464739364154,-12.206677192550542
6955,-15.486028921021386,-16.708336645834667,-15.790652670624928,-12.366185099927403
6956,-15.510799092773542,-16.492657561367928,-15.373927605954755,-12.67007574971703
6957,-15.518360729732791,-16.23556445636077,-14.982272329018151,-13.05157414677956
6958,-15.299005866922217,-15.924793015818517,-14.590885465755665,-13.406384959615613
6959,-14.947293556730198,-15.552668983605502,-14.19005892996055,-13.720332901317251
6960,-14.608602400118253,-15.145631708505787,-13.772912190469826,-13.992699942315964
6961,-14.38594764073797,-14.752287550258451,-13.326784694292133,-14.233081032575159
6962,-14.330716328602247,-14.366069383407025,-12.839257306319444,-14.451174062380293
6963,-14.236203793609876,-13.93327469805158,-12.29400775728721,-14.566812257282002
6964,-13.891928204517928,-13.393547472576467,-11.68386003657061,-14.515284608315245
6965,-13.488801449664697,-12.765259777655467,-11.02569536962639,-14.400954755707707
6966,-13.24856046397626,-12.082491636692604,-10.346458916997365,-14.339637602057179
6967,-13.020151693931483,-11.371385209614726,-9.675824069433515,-14.302951024388584
6968,-12.619627190798553,-10.636113750575173,-9.03067061375124,-14.227354217914055
6969,-12.066344802581929,-9.889780334154844,-8.39341272580184,-14.074249184063277
6970,-11.435122103716417,-9.169047616965212,-7.732760927678582,-13.822738304902222
6971,-10.90432513814822,-8.464701631285855,-7.022902902373183,-13.529494855847723
6972,-10.569677874175687,-7.798064313865084,-6.286588438415542,-13.268817741166325
6973,-10.16511173566367,-7.237634128971495,-5.622430238681827,-13.021467266619622
6974,-9.415686814349074,-6.806445295324006,-5.102951147739995,-12.763747064065614
6975,-8.80761119200605,-6.48584615796355,-4.702168886473195,-12.628672996303694
6976,-8.875239909021031,-6.239031106316208,-4.353363370443362,-12.728757049349525
6977,-9.29729692925867,-6.011929019035862,-3.998239024470583,-12.930393406853556
6978,-9.587188709476212,-5.789328714025057,-3.627565191161805,-13.062745929631102
6979,-9.706710925136923,-5.611552764504188,-3.2687386626127406,-13.114704882743382
6980,-9.60755820261286,-5.532671178326489,-2.985073384269944,-13.022381388893354
6981,-9.563051371004757,-5.478945356580926,-2.7286841315328787,-12.93390469054249
6982,-9.737910449346712,-5.501156470342796,-2.5184166956348655,-12.895399270223281
6983,-9.889325412221922,-5.6109939342390485,-2.3499359740624364,-12.822484667421909
6984,-9.716659474693328,-5.788849201882803,-2.202380718932915,-12.612911674981497
6985,-9.409645162847031,-5.984786713674957,-2.0505780057612433,-12.32457558371809
6986,-9.252146888147678,-6.140162150635717,-1.8730397723194585,-12.046616385149322
6987,-9.196264564499037,-6.227479144064042,-1.665434426897022,-11.757299129875141
6988,-9.116621676855845,-6.241890276792807,-1.4384106779644819,-11.417572285740606
6989,-8.930784304051793,-6.187494158547642,-1.2025210571215588,-11.015645128603072
6990,-8.581036027909375,-6.080538140691793,-0.9731579547653414,-10.558287749837373
6991,-8.239424456183148,-5.94156761128473,-0.7904433091890735,-10.15334392546481
6992,-8.104083361680104,-5.788057960064784,-0.6763245199430625,-9.90280085740661
6993,-7.986938855171033,-5.642165427351366,-0.6049143888600264,-9.706607641705526
6994,-7.640793568976356,-5.516806140781048,-0.5187753091663861,-9.420669409168385
6995,-7.19392282228369,-5.379063668879347,-0.38013917969077554,-9.054066608799568
6996,-6.843582897750196,-5.20764956390806,-0.19105153210509973,-8.661094121830432
6997,-6.586806340225406,-5.010933998616079,0.03263253921810792,-8.266212910847615
6998,-6.365574901382365,-4.8386514590703555,0.2603057138313708,-7.889653850812057
6999,-6.039803459859435,-4.715556499921219,0.47772580204959436,-7.496824484587872
7000,-5.483668665674203,-4.604327867919621,0.6836896571455813,-7.040325503767526
7001,-4.922434119053866,-4.460892756967137,0.8731900125468689,-6.574996474513829
7002,-4.618879385629952,-4.237913218250571,1.055248109616993,-6.1674654695110505
7003,-4.357693586378933,-3.939635977915846,1.23988267230726,-5.758886274430482
7004,-3.8452668759312147,-3.603271585669754,1.445543931585204,-5.278533881488085
7005,-3.1743273426119085,-3.261438873956281,1.6641695816207192,-4.766841368248303
7006,-2.5276964082827917,-2.947889407813858,1.845809765942414,-4.290678319995942
7007,-1.991127684134201,-2.7073031816274704,1.9478091824754988,-3.8940741524165654
7008,-1.6068534768532805,-2.560253969610822,1.9687549129779702,-3.597392861374327
7009,-1.1902976450752798,-2.4646393402115803,1.9353835413780147,-3.3271219409273955
7010,-0.5367528266099275,-2.357115971390319,1.896041355243386,-2.9920204283471152
7011,0.11638347145288265,-2.1953192745344117,1.8859439522265873,-2.62800982558441
7012,0.4719305997080786,-1.962239878792376,1.9236376585476394,-2.2992194019298364
7013,0.7118199056677353,-1.6821507079134566,2.004837365956089,-1.9713466473487748
7014,1.1031324597757224,-1.3946273816277874,2.109185851383062,-1.6005966787938735
7015,1.6177873123441642,-1.1667658852206029,2.2179640417498874,-1.1956776221058865
7016,2.145305896948167,-1.0188872639563877,2.3153338801366647,-0.7857821423462137
7017,2.5258298584506638,-0.9395573234136385,2.388032023156942,-0.45282835914323283
7018,2.6228807714267663,-0.8947572407210683,2.431858082615985,-0.26835774531052664
7019,2.659893242476224,-0.8683055782738492,2.455072561180508,-0.15401251195790439
7020,2.9142739170301395,-0.8555085772104443,2.4709086008043535,0.0036959385626470637
7021,3.189316869900223,-0.8520551633839601,2.4913677283676376,0.1813665518991791
7022,3.2080420348715797,-0.8644432272368164,2.5225029739877454,0.33000782565578535
7023,3.0878339605866993,-0.9179991296168046,2.556724145990583,0.49729564712783914
7024,3.0213830968451134,-1.0309436015913724,2.5810022956268517,0.7376292296178473
7025,3.0434083631305815,-1.1971963686173708,2.586190325394273,1.0511430803767345
7026,3.1395983738026487,-1.3874210976231232,2.5686819498806335,1.4175664620964765
7027,3.144556865971695,-1.5280863291830649,2.5389859290322203,1.7797371276177127
7028,2.8935225589726685,-1.5534949262100013,2.5106560814523378,2.076767536335721
7029,2.625017605362881,-1.4850458425485928,2.481160987272234,2.3414580793022517
7030,2.6302719657320415,-1.3810642742321129,2.4481434955506423,2.6214349703040054
7031,2.7164429674362,-1.2784820125872882,2.399919483155468,2.843260877852652
7032,2.605722036515366,-1.2032310633361663,2.3423871987419638,2.928560222062287
7033,2.374568113503603,-1.1632649068493226,2.289110523889656,2.9321327343376042
7034,2.1756780522508374,-1.147236364481762,2.2522024647201744,2.940136622677968
7035,2.0833716184125493,-1.138987550167549,2.2047092392051173,2.994386199403855
7036,2.13368522872637,-1.1229979725672194,2.121299669217228,3.1096358575842746
7037,2.136208630736562,-1.0909166108835193,2.0019975676619657,3.22200297763264
7038,1.8852105042076561,-1.041842923972737,1.8724146412422662,3.257127087466716
7039,1.5947330347853483,-0.98023355503282,1.7551475754201942,3.272020285971398
7040,-8.24633909364059,-10.244528279832723,-12.735905417928867,-8.008237626128018
7041,-8.145915708749119,-10.419318376648613,-13.132539610618009,-7.842430552030613
7042,-8.067857583851044,-10.554724127198302,-13.49874975117081,-7.653736648019864
7043,-8.079071102711262,-10.687853771986019,-13.838128670484206,-7.476341013697691
7044,-8.20800111127248,-10.85116975852547,-14.159372415414502,-7.324009643844008
7045,-8.329650226211193,-11.063161368306027,-14.479607385651045,-7.14939266678871
7046,-8.313110198798904,-11.324737289466313,-14.812100276945252,-6.916006910521386
7047,-8.334958251487544,-11.622223670776714,-15.15104053755972,-6.752504165667321
7048,-8.578018910728465,-11.933639566038915,-15.483486615479432,-6.780681059183723
7049,-8.855556141363353,-12.227268053005034,-15.80272795879281,-6.907162116825752
7050,-8.960270041912535,-12.486471600947842,-16.103477498010786,-7.008119172143488
7051,-8.971454151264528,-12.740109086703715,-16.379189115084277,-7.079422484864775
7052,-9.019177816234784,-13.027076249992206,-16.629653433885622,-7.154548062054842
7053,-9.200538954673414,-13.365356173145978,-16.862943611197586,-7.309154768423672
7054,-9.56291470384291,-13.754189531320252,-17.09162290104245,-7.605717045796272
7055,-9.8765546162292,-14.159935855108259,-17.33563196737803,-7.949683143957776
7056,-9.929594264732495,-14.543345876158659,-17.606801842529617,-8.223666054747563
7057,-9.990213036227622,-14.900254302509865,-17.889895410606496,-8.471262942760648
7058,-10.355880204695374,-15.238937094766904,-18.162202898604843,-8.751186097036243
7059,-10.872485810456121,-15.561002901485493,-18.408793484628788,-8.993063769172595
7060,-11.312413033505411,-15.868493253968701,-18.625048006833744,-9.13184580777088
7061,-11.6275071412268,-16.156751520837858,-18.829363817445284,-9.195290528700255
7062,-11.825387293907845,-16.422143394109185,-19.04364094149861,-9.236775853742545
7063,-12.064270839640114,-16.67750920882147,-19.267977795316913,-9.34268635504139
7064,-12.491793217895884,-16.936868830330983,-19.492714855942896,-9.571785420293773
7065,-12.874535132553362,-17.204269477507342,-19.705229170199026,-9.818573350962803
7066,-12.969271975344569,-17.475032560305316,-19.892221038335865,-9.963901718385449
7067,-13.001992600781948,-17.726869518035116,-20.05369816045485,-10.064952387083336
7068,-13.229474919497232,-17.937456952352683,-20.192390082225973,-10.205902924037245
7069,-13.539431475571515,-18.110973603368144,-20.29500444197894,-10.370850372749317
7070,-13.757139370449842,-18.258154295475055,-20.35133325173053,-10.52576890427025
7071,-13.783810190660397,-18.374714281124092,-20.374980214971007,-10.63544739192369
7072,-13.580739117777751,-18.455781831999722,-20.38474476255113,-10.673227174351478
7073,-13.377760919859407,-18.50503950922658,-20.388057392339352,-10.701684075629402
7074,-13.403862637733562,-18.52683322802283,-20.391480929443567,-10.789800166218388
7075,-13.440039443421705,-18.524849854073356,-20.40270228142027,-10.875027347213711
7076,-13.232476361963084,-18.502667425185845,-20.42659447089274,-10.893587837958318
7077,-12.952192465263641,-18.459541389507528,-20.473754634016515,-10.931343891672656
7078,-12.811388213980806,-18.396149072153534,-20.5415852050093,-11.0722353636683
7079,-12.7838026654168,-18.31964712140661,-20.59124667126763,-11.276606102703118
7080,-12.785624141998204,-18.237790124281247,-20.57625746710515,-11.467206135241279
7081,-12.653287150111943,-18.159532702224524,-20.464133124186173,-11.545914842675833
7082,-12.26180350689875,-18.08336686023348,-20.242613555225812,-11.444491200366297
7083,-11.859033305304488,-17.981791447687964,-19.937171074445832,-11.249330091796047
7084,-11.704750643261907,-17.822261892569774,-19.585534782915396,-11.076000357571786
7085,-11.574551139304399,-17.585331136424966,-19.206116235109363,-10.905233638874492
7086,-11.208286619331272,-17.26803212606191,-18.803775655093087,-10.695937999167489
7087,-10.74546713143987,-16.894430832613434,-18.372680480272848,-10.480151642606808
7088,-10.37935352229077,-16.500659354411024,-17.901316119905204,-10.288994999992193
7089,-10.17035169405201,-16.110743853831476,-17.377173644913245,-10.131887598323226
7090,-10.115330187626174,-15.741189978090429,-16.79973477220454,-10.001458298697226
7091,-9.986657986030416,-15.409205361763032,-16.203285839247542,-9.825985948799278
7092,-9.579159493769858,-15.114429581456468,-15.621646244100335,-9.537784056951057
7093,-9.1466303627963,-14.829299991072977,-15.046506199095363,-9.179860086853909
7094,-8.982010258944403,-14.518322368602286,-14.456142734146317,-8.816034193408889
7095,-8.940581223476613,-14.141573879479962,-13.838032697607845,-8.424614143194765
7096,-8.814807222199011,-13.685722780441429,-13.185500529580624,-7.987780766346014
7097,-8.612795373005058,-13.204223067383015,-12.506582041792136,-7.562275477773345
7098,-8.384933792792578,-12.766934420512237,-11.818478521869892,-7.207751036105425
7099,-8.242910465403845,-12.416478350404887,-11.132914816785188,-6.964229820743564
7100,-8.229014411550052,-12.182188101064067,-10.486636083090364,-6.818894408002108
7101,-8.115273956444831,-12.02180089890025,-9.957236402054015,-6.6660336814725785
7102,-7.674037452741841,-11.882505209825007,-9.588328381732383,-6.394766918992166
7103,-7.292538987480857,-11.72463393167251,-9.348028017894654,-6.134571640393482
7104,-7.3870924496005435,-11.515999455585066,-9.188013474380728,-6.039039534258114
7105,-7.6309817970896985,-11.233617046500624,-9.036632069852413,-5.999426086186323
7106,-7.58852801003878,-10.876078615330492,-8.846769997498653,-5.863064049189126
7107,-7.317468115675618,-10.467623582764338,-8.602210030365933,-5.626934051527577
7108,-6.8708342355094505,-10.042885579115005,-8.175044383735267,-5.261637275162789
7109,-6.502246093442232,-9.597928874208,-7.752349959834843,-4.937300041002444
7110,-6.331433001506024,-9.13012320580495,-7.321285084344827,-4.749049302544952
7111,-6.150465326156244,-8.652552564645212,-6.8806873302539175,-4.653771171335221
7112,-5.706990844720368,-8.178427586443014,-6.453556293763785,-4.567480315149519
7113,-5.201235423654481,-7.698072464671558,-6.044862023161303,-4.52086281470028
7114,-4.907901476292362,-7.200114602449046,-5.625388844226507,-4.552575869308916
7115,-4.713734176068811,-6.69427986749394,-5.18446382265263,-4.601492188013592
7116,-4.432142546091101,-6.1978035966043885,-4.713740749407145,-4.592597429372759
7117,-4.040248153227602,-5.731848340919487,-4.218592865217446,-4.478128252230373
7118,-3.5682801730222464,-5.310034584032068,-3.7144176810703806,-4.239818817682641
7119,-3.191227573555087,-4.913046694482131,-3.215630771664734,-3.9654246572709804
7120,-3.0780603875928034,-4.510253453856877,-2.7317900748175097,-3.7533531015250508
7121,-3.008220497143762,-4.088812064511024,-2.262830039761187,-3.5458276399429716
7122,-2.7004544122848952,-3.6485420598354565,-1.8036959885939785,-3.2503969364769087
7123,-2.293576374086215,-3.1977703664767034,-1.3461086807437872,-2.882989779665438
7124,-2.0187330154644174,-2.755559141283816,-0.8885075905415476,-2.494401284209902
7125,-1.868635076194293,-2.3540666365110043,-0.45720593684536415,-2.133902666339295
7126,-1.7832733053868552,-2.019510783753523,-0.08190729786094313,-1.8510076763434216
7127,-1.6982632805408568,-1.74555817289104,0.23745411124018162,-1.6327135191533275
7128,-1.5526335495705925,-1.514094519499698,0.5141108714040843,-1.4453011858456735
7129,-1.5056641437399625,-1.3183398916441094,0.7610194116636882,-1.3343653155848885
7130,-1.724812591387438,-1.1565652694729283,0.9897854767997754,-1.3439207114196747
7131,-1.9791648976980025,-1.0370105786599315,1.1994485088513493,-1.400973944577858
7132,-1.9882415688942163,-0.964791479865914,1.3817464339454248,-1.4202029379675976
7133,-1.8735971420027766,-0.9204926417404251,1.5306866341242378,-1.4108922685851564
7134,-1.8477874837253097,-0.8748197481647331,1.6430850947192603,-1.4141484135355789
7135,-1.947466668871013,-0.7931548146784078,1.724723603923529,-1.4801383569158206
7136,-2.1524119658804635,-0.6542843829303973,1.7854742064333295,-1.644749824684178
7137,-2.3194022078204357,-0.49416008070690476,1.8261172879578376,-1.8352847939722534
7138,-2.298981374105535,-0.3623415262006519,1.8483175358427684,-1.9545245431019747
7139,-2.2903825915542537,-0.2559806027484541,1.8675514410870386,-2.0296911318162594
7140,-2.5325270874725154,-0.15624500505246128,1.9000734961348438,-2.114289335515342
7141,-2.8183746441736064,-0.06510798313263647,1.954215136469952,-2.161348140712888
7142,-2.8661544987467535,0.017606751746108464,2.0294120099466517,-2.1216615278410473
7143,-2.7284854103527927,0.09460540871668799,2.1068723969318337,-2.0264695786872453
7144,-2.5389065892482168,0.1743581397938621,2.165828778933302,-1.92477894965981
7145,-2.3822552733053217,0.30252179414394215,2.205608415823275,-1.8762745415528854
7146,-2.312063090911431,0.5195613005164298,2.2381459409240385,-1.913513483048303
7147,-2.1307650201863164,0.799062533886016,2.282903202294454,-1.9218665875195269
7148,-1.6272297717999533,1.0893710278230704,2.359385334714953,-1.7658551458507932
7149,-1.0532142488503495,1.3591972286081644,2.4723701608810433,-1.487766419816704
7150,-0.7329100203246378,1.5892948912215223,2.61426262224303,-1.1786234108288276
7151,-0.5435593674170561,1.77350114965146,2.7710257424016396,-0.8306748033970575
7152,-0.2676405129290503,1.9256298150931883,2.9252197376810107,-0.4210203594485611
7153,0.096960951007841,2.0781258617053093,3.0588559882269535,0.04079046058420102
7154,0.49729586736925624,2.262857498383805,3.162031329921805,0.5411628604903069
7155,0.7903925454460288,2.490436260192928,3.245408307257745,1.0351036200361923
7156,0.8418922411137635,2.750612204629097,3.3258622656230514,1.4714006441753675
7157,0.8816889226401216,3.013963327649736,3.4070475880356272,1.8752326620121522
7158,1.1783500137590437,3.2407996971156074,3.4853478035673526,2.2767442875271855
7159,1.5106285020415646,3.394096564808973,3.5550300877977374,2.5884615999300493
7160,1.5724383861295597,3.45086568588298,3.6070818581336144,2.7178417492700593
7161,1.4403980269660355,3.414321473851139,3.6325920997081034,2.707056315056651
7162,1.2854109536636247,3.3075820186530334,3.6269240007210968,2.6324689839525957
7163,1.180851940465589,3.1627583579256267,3.5903803027423637,2.52406852347482
7164,1.170562051140685,3.0130086476879487,3.529185099274926,2.3953117994006945
7165,1.1379416073938078,2.8820862658145963,3.460061985578649,2.195678416483342
7166,0.9390103168107662,2.7783792246540866,3.3985217082205343,1.8780415749303794
7167,0.7401689049200992,2.6952943562328033,3.3418777812779403,1.5676000406277355
7168,-9.631058193533509,-13.22135652981769,-13.612571562275946,-8.96015400504261
7169,-9.73847464178708,-13.809085583832989,-13.887263292360554,-9.057465252517718
7170,-9.964368459836344,-14.430066954554972,-14.142821656249005,-9.201908762468014
7171,-10.294263827548905,-15.062728779474016,-14.37908056687653,-9.416086488215628
7172,-10.672221095256576,-15.668869169745262,-14.598459947127113,-9.695058319391602
7173,-10.955621234475421,-16.210952466756503,-14.78903918776714,-9.92372342496178
7174,-11.030877224611183,-16.66237580410553,-14.942602014433785,-9.998495325463534
7175,-11.11052993476295,-17.028763422881724,-15.080433987322182,-10.03373593760557
7176,-11.417976747291211,-17.337068577932044,-15.22822753664514,-10.161632438633646
7177,-11.770890072332836,-17.615869978773826,-15.39076545807082,-10.294581144786639
7178,-11.95548467299806,-17.897443395645624,-15.57069602650142,-10.331321260866448
7179,-12.068632437037381,-18.216517275021427,-15.777124395502323,-10.327880137409869
7180,-12.258633168445929,-18.591177154221263,-16.020630296181796,-10.368303284065702
7181,-12.621506076075232,-19.01668833315247,-16.321654610200305,-10.52180001921009
7182,-13.19350697133272,-19.46193506090484,-16.687689245823776,-10.821235450365661
7183,-13.740638722130582,-19.860063205183792,-17.090870995533642,-11.155476528905167
7184,-14.028104680470395,-20.151162609335017,-17.486035768484847,-11.391250946012631
7185,-14.244148713637845,-20.314998679704114,-17.81397244328006,-11.540804507366817
7186,-14.618738366604115,-20.373629093024892,-18.034421053411414,-11.651080581574954
7187,-15.00831968974163,-20.41418752967892,-18.174203197945644,-11.698638420546338
7188,-15.230827838733775,-20.521303897658367,-18.280917085923864,-11.662497868280798
7189,-15.308888243338176,-20.695831570075896,-18.378433901048073,-11.56541376284012
7190,-15.306758160306929,-20.89530386326302,-18.47517789289168,-11.426842549088358
7191,-15.334499647169503,-21.068193406996485,-18.54898391704783,-11.247262684757356
7192,-15.483837293655595,-21.165849272894246,-18.572711737522834,-11.026800550320242
7193,-15.579800967393771,-21.167935023477547,-18.56468956615553,-10.750037721911458
7194,-15.452034217383448,-21.088436656976654,-18.54982956236168,-10.421040595812118
7195,-15.338730407830477,-20.98081301581972,-18.512162474032003,-10.126055934271763
7196,-15.480328903470722,-20.899652403083365,-18.433535507183162,-9.945830790417611
7197,-15.703040396010305,-20.857526417620836,-18.328143456826307,-9.869113054697335
7198,-15.770556533070328,-20.83807898201787,-18.21140167389807,-9.84178077630197
7199,-15.604565533767282,-20.801669233699823,-18.077621591496555,-9.782524681869297
7200,-15.21142531584497,-20.706150356241306,-17.91845705637049,-9.620042754653241
7201,-14.824145351555885,-20.543010351179703,-17.73104907600493,-9.37898398854688
7202,-14.670934145964464,-20.322471195449545,-17.514932721563564,-9.111283388016556
7203,-14.553410332210847,-20.05379791404171,-17.278671816231256,-8.793415886115303
7204,-14.228382045000668,-19.75346202801001,-17.03173908446698,-8.406818334594371
7205,-13.856525837545774,-19.44392363795528,-16.769927254394794,-8.017924281821456
7206,-13.634500943964396,-19.14336874255049,-16.487216890566067,-7.687662007945593
7207,-13.50437485045014,-18.865921801733002,-16.18946138006372,-7.415045434198971
7208,-13.366831447894679,-18.611094382319514,-15.883200834969273,-7.172430639182012
7209,-13.121249807477156,-18.35193313940979,-15.566472057843438,-6.877596033845953
7210,-12.704159093654537,-18.057135781322202,-15.236944272557373,-6.472884279472698
7211,-12.324534611172012,-17.702804036741703,-14.894079935567369,-6.0728397206179
7212,-12.179956261118976,-17.285645370018763,-14.53763876027631,-5.800186625789174
7213,-12.035240471421742,-16.850895643494827,-14.176970615032568,-5.595267631713439
7214,-11.622382905810916,-16.443555791725082,-13.81613419040369,-5.361950399244937
7215,-11.054921999404074,-16.060115489732105,-13.428447807251393,-5.0756028182317126
7216,-10.510308446075058,-15.669658963459124,-12.989403529367076,-4.736785353182267
7217,-10.02657941449283,-15.213656571049519,-12.510922723042883,-4.398127777748507
7218,-9.605545025870335,-14.647085547951962,-12.015593916258707,-4.1158109358240145
7219,-9.126093046725734,-13.997400945784607,-11.522521726170305,-3.8386219831566617
7220,-8.479978258452629,-13.319893518625737,-11.042784164004086,-3.496759039926142
7221,-7.8864486792019655,-12.659827219061604,-10.558296172325175,-3.1258664029464422
7222,-7.563838475337803,-12.040620048935049,-10.047372813787584,-2.7643857625860715
7223,-7.309222314176369,-11.43154180950502,-9.515128686361486,-2.3377552564093587
7224,-6.882173033955772,-10.779968696211442,-8.975112090209686,-1.787468629227418
7225,-6.356145110043458,-10.055077268081723,-8.44129874030893,-1.1857876009856985
7226,-5.858377519759,-9.245926969105529,-7.916175001028064,-0.6248453645518125
7227,-5.460564458585401,-8.359804739964513,-7.370669970932931,-0.15720852516096334
7228,-5.1393205351786335,-7.45878733230738,-6.8048674237065345,0.19787881863210666
7229,-4.669834470368478,-6.63781040608121,-6.269309464295764,0.5414153551250425
7230,-3.8264631100494197,-5.988803153879972,-5.779324388692515,0.9697070044171595
7231,-3.073216076024816,-5.489420022347942,-5.342539321050724,1.3405732955106884
7232,-2.8980680975488062,-5.0625404386782265,-4.9336381224177215,1.5056278908068115
7233,-2.8728428887576447,-4.642865990878506,-4.538347198270426,1.6163545722771224
7234,-2.457463100684474,-4.1912553220649125,-4.14817035608234,1.8534817045115068
7235,-1.8023819594242976,-3.7314831497886733,-3.7445708304075542,2.1834742615235774
7236,-1.0260508679518656,-3.228388212227896,-3.2709022369577583,2.5152889256409443
7237,-0.464224344873981,-2.7692558162389846,-2.781754237577778,2.747145761819503
7238,-0.21887906809257685,-2.3397581021247142,-2.2903625798455933,2.790085883031016
7239,-0.022726103117822707,-1.9061571579674335,-1.8172149523646548,2.7393326261674065
7240,0.43875333280623996,-1.4384253044825175,-1.381037213199053,2.7349585270210506
7241,0.9489571291187203,-0.9393410073383034,-0.9805634159651949,2.750359479920843
7242,1.1921050095266306,-0.4321803528683612,-0.6096203018266745,2.7209626035250496
7243,1.2846922220651364,0.04207153339593984,-0.28083731498859626,2.6818347805231353
7244,1.4305703837751758,0.44908442340964055,-0.0070538041421542574,2.6706175368272365
7245,1.6755662915924152,0.8052919781732881,0.21656688373467498,2.674587781745342
7246,2.0122597428322533,1.1485672308191557,0.4041799491806239,2.6699963880504725
7247,2.248584180177963,1.499666421578314,0.577343841579739,2.585895442423917
7248,2.1883174137284054,1.869334441189292,0.7577886076194713,2.3715358106187043
7249,2.071469420947966,2.255956277552965,0.9545714187689854,2.1515969583100016
7250,2.208253913248797,2.6445738030391297,1.1658197875370744,2.0742679550177208
7251,2.4420040812983697,3.020202350846682,1.3795173030031869,2.0982129947538097
7252,2.5271534140321155,3.368516318640259,1.5798659174918768,2.1301501670861223
7253,2.521069223649495,3.667673187136485,1.762865436590486,2.1527768308541986
7254,2.541673162294354,3.906016294771539,1.930427263447926,2.172988696325257
7255,2.662319739012999,4.107103741660944,2.0739185445113786,2.2441508680805726
7256,2.928665214151967,4.302512846112568,2.191474564865445,2.4263005703337037
7257,3.1529755824148715,4.503965843724946,2.3114273745704237,2.6580001461239187
7258,3.129321118525246,4.713083750636194,2.4655163292394793,2.8502334111980616
7259,3.0697038861228703,4.911144092807078,2.6620333094532107,3.044589266844552
7260,3.248646197264563,5.082456843466686,2.893185626577158,3.2936204545889196
7261,3.5172949947758343,5.2705201673122035,3.1353241155007385,3.517148667472012
7262,3.6552030874180783,5.523870607836874,3.360423640093904,3.6214198933705566
7263,3.697895130012645,5.820363521784331,3.5565739107055387,3.600409837087362
7264,3.7493787731150436,6.1150369494722705,3.726865261694909,3.489421295560986
7265,3.967092536959028,6.385151290958643,3.885118770739089,3.3705557736151213
7266,4.474444270747484,6.614904100373473,4.050436831577291,3.332414712258491
7267,5.034560328104006,6.803205756297191,4.243900377506787,3.3594954316570567
7268,5.34872918663069,6.957408168915864,4.473124397380025,3.399734511627157
7269,5.5432537210179715,7.063821414734316,4.708643594272378,3.4914135135646744
7270,5.8332616359739635,7.1091309665426365,4.911792906612063,3.667621089133441
7271,6.141978587898864,7.109683183063992,5.0669691194578785,3.829837315545307
7272,6.343904031037105,7.09024750147045,5.175535698499581,3.873116085914111
7273,6.399376133401233,7.065468289993014,5.261731392051059,3.8123414364331922
7274,6.304608479210101,7.041520903068327,5.355039319682284,3.7054073905938845
7275,6.244322827466395,7.0137431840352304,5.454849207847811,3.620427894221547
7276,6.409805745111943,6.965728344152699,5.5503012459891385,3.6122406294089164
7277,6.592791385010397,6.86929655755522,5.639711768347687,3.6117846068281003
7278,6.529376998577744,6.700886515498553,5.724830309205675,3.5285479326080504
7279,6.402461367106449,6.462079649207386,5.826371816104298,3.4305267760696596
7280,6.4630297021141025,6.172969756638279,5.959544857055444,3.4107990651101576
7281,6.6396960018146896,5.860710898482384,6.087773338679459,3.437850308803825
7282,6.780961650317043,5.556570047241799,6.1644556837867945,3.4478803530797344
7283,6.747728911462371,5.296299159396962,6.178631209048646,3.387122010140581
7284,6.446564519507985,5.101285026791423,6.140070056604265,3.2203809162507233
7285,6.108570307280339,4.9529772252118685,6.081921049814719,3.0273066631689645
7286,6.012671449767241,4.821141539714439,6.040490358501786,2.907571924719351
7287,5.985903647688625,4.6939021482719365,6.01113561110863,2.8072958051256554
7288,5.76836712948345,4.57330933180368,5.971926304211264,2.64534605911956
7289,5.469453169790322,4.484411516126571,5.914731740021691,2.462554166016781
7290,5.263695094781647,4.451915242450707,5.8338283734933265,2.3221154430942628
7291,5.155571652833263,4.462598601643448,5.727249007360822,2.257702082145986
7292,5.103648248250871,4.4821181696009385,5.595683159708729,2.2779425888313414
7293,4.963815588097302,4.4705217268767665,5.424537486121831,2.27203167412347
7294,4.598602298657955,4.392981076450987,5.200978127591081,2.122018882783992
7295,4.203228989032075,4.244344787413279,4.942452093704401,1.9275861955078901
7296,-5.425321772023834,-11.36806654176837,-11.135905117923055,-5.197297197179011
7297,-5.519040753707719,-11.902723660679543,-11.825739801461797,-5.507435669308054
7298,-5.744448182449663,-12.382648592684113,-12.543683679504134,-5.893810161492504
7299,-6.095016147739494,-12.829859427790042,-13.274361661278043,-6.330313005696538
7300,-6.508820842139372,-13.266080353091535,-13.994154616809425,-6.76217175399043
7301,-6.854897126640003,-13.651638451250852,-14.65884964768172,-7.102102198176114
7302,-7.016418052118501,-13.953062539830782,-15.2389869657286,-7.291508342183464
7303,-7.163483307233177,-14.214720619994692,-15.7632829412077,-7.440953594173766
7304,-7.47101315176144,-14.494256286521281,-16.276228202649854,-7.674596243443507
7305,-7.721966097409444,-14.813088874391717,-16.799700532872787,-7.932631967899728
7306,-7.684958106105679,-15.170843395486923,-17.34243912413384,-8.123485385254758
7307,-7.480851578422214,-15.538826042034682,-17.891417650852777,-8.257497126340382
7308,-7.293721723963425,-15.872298538916572,-18.427267385098315,-8.357568203802321
7309,-7.2123438463835265,-16.141757972208424,-18.957957619941894,-8.434805986352307
7310,-7.273660565470022,-16.332118570942765,-19.495545569964698,-8.497089831225612
7311,-7.311367014501287,-16.428813395474034,-20.026574007550263,-8.480658328240116
7312,-7.162405426431189,-16.44431988421686,-20.53649144587941,-8.336498830748853
7313,-7.042580825809238,-16.4483544321909,-21.032845784053055,-8.174207135354433
7314,-7.188457237675255,-16.511739816470094,-21.522206727841645,-8.10966123504876
7315,-7.431659696846193,-16.655839285299205,-21.99284871981303,-8.09539055949773
7316,-7.564954904809152,-16.866580227038824,-22.43256621900496,-8.05648808580723
7317,-7.652016487683352,-17.093666478149284,-22.83394240941888,-7.995343437376746
7318,-7.792550404065032,-17.279330381422593,-23.19946775346633,-7.932428557868598
7319,-8.049692062972438,-17.40180558861405,-23.559595947333126,-7.908249725641568
7320,-8.445803050390873,-17.462794026845106,-23.94215578340532,-7.958349880186451
7321,-8.748332928458565,-17.479287414718083,-24.338515900449945,-8.035292054181049
7322,-8.756047296756673,-17.476064475961,-24.722581252844357,-8.080359699458176
7323,-8.747099713313533,-17.456940868744784,-25.061939696922906,-8.11751242944781
7324,-9.030253242802214,-17.423271727914916,-25.327807848571656,-8.182656108175427
7325,-9.46757673774748,-17.405149784914517,-25.517792951147356,-8.259512609440895
7326,-9.838050360243844,-17.421280847782754,-25.643862168673135,-8.330363224802644
7327,-10.079492259644091,-17.447632371706455,-25.712866917972054,-8.40023262890781
7328,-10.181082884088758,-17.44130204843767,-25.736396326882126,-8.474627143887192
7329,-10.28289969085932,-17.34619952663495,-25.737675739449635,-8.579087993364755
7330,-10.52923825784607,-17.125165561147043,-25.736424033492415,-8.7254267006978
7331,-10.729698867272711,-16.801697885990194,-25.739439641830376,-8.826924007129877
7332,-10.683739573802134,-16.428285301887236,-25.742792297032317,-8.80644146129629
7333,-10.60682390253285,-16.064902403201714,-25.730460416814953,-8.745074700848168
7334,-10.728375864747424,-15.754297860810379,-25.682782839491633,-8.73385989374247
7335,-10.914078842026386,-15.472645841886894,-25.586897595321417,-8.726228412481584
7336,-10.980223475085173,-15.177858293179515,-25.43587188510718,-8.652143067433602
7337,-10.857040532554318,-14.871153168612889,-25.231248628749565,-8.479877307092288
7338,-10.543688786908254,-14.56408287779912,-24.97702441077973,-8.205565458421477
7339,-10.291919908275633,-14.256169035249373,-24.668431584384802,-7.921048621729074
7340,-10.3301872772776,-13.947017252786976,-24.302961372616394,-7.7228330893444515
7341,-10.384080890797765,-13.62982819195085,-23.8895648313221,-7.5530116956436615
7342,-10.144692811014268,-13.293352671401289,-23.44375838987352,-7.3381454255687775
7343,-9.809047164439251,-12.938673828831396,-22.987588119104604,-7.15499186202114
7344,-9.633423481934651,-12.564515736996396,-22.53871731452829,-7.078050158817985
7345,-9.582538880708393,-12.143458338673108,-22.098725163311475,-7.0586859959146935
7346,-9.559343941041229,-11.655240734292889,-21.65647741479393,-7.024960909710169
7347,-9.426461804603054,-11.12018327668546,-21.187099980833423,-6.898341114451481
7348,-9.079176332702378,-10.571510586913597,-20.665730845620345,-6.638059217192047
7349,-8.738400225296907,-10.035487330393833,-20.08973132317628,-6.388553844269052
7350,-8.635505485797182,-9.529164135910499,-19.46471469962237,-6.292277212575671
7351,-8.561583604317857,-9.04713795245061,-18.78517751061485,-6.2339494622571525
7352,-8.275272377025201,-8.570764604820013,-18.05089807257866,-6.063546709006881
7353,-7.904835685754316,-8.087889224755619,-17.28017964682045,-5.810910828465845
7354,-7.6297275541162985,-7.589931969659106,-16.492791424053017,-5.543414710521287
7355,-7.503169085374214,-7.058575384026243,-15.700002491246524,-5.2970660730743315
7356,-7.459226543177003,-6.52662653040952,-14.931781019029053,-5.073991179474376
7357,-7.308927054367963,-6.071821923035151,-14.235714201981144,-4.822694098137312
7358,-6.85644781510082,-5.78027889940481,-13.624457103188572,-4.482927213962555
7359,-6.524099680925544,-5.618877918099225,-13.096992742504042,-4.2230220545373385
7360,-6.7537077688669305,-5.502096109430166,-12.626046431145204,-4.222172811037689
7361,-7.146165469979953,-5.360029165752053,-12.190675789257588,-4.370682175744799
7362,-7.188268167172122,-5.155170363500341,-11.77163549257518,-4.4870247375658385
7363,-6.999699999938629,-4.923752500220804,-11.340730584712007,-4.522509096756417
7364,-6.688026618387197,-4.652041661945706,-10.763950814741204,-4.256464393254204
7365,-6.477314049099449,-4.410190324425125,-10.146732916382744,-3.942441304867737
7366,-6.409703106910205,-4.175211940814881,-9.485576258976627,-3.6337714899386198
7367,-6.285393446897958,-3.9199768968933535,-8.796687500245781,-3.3067902076919844
7368,-5.89089453634658,-3.6243193305501205,-8.105905355932048,-2.9335288850896197
7369,-5.465934452097828,-3.291956083172485,-7.42865486965846,-2.612411356059962
7370,-5.322156311902301,-2.94149634642103,-6.777716253928257,-2.4443532947306137
7371,-5.331954154513427,-2.5972299712001905,-6.1817854493791575,-2.3932356574655147
7372,-5.268634302957761,-2.2819455662632833,-5.657625155836633,-2.3766056896260084
7373,-5.113600431563577,-1.9946739609626838,-5.177693050603388,-2.323001212053601
7374,-4.89743163314911,-1.7242267240947642,-4.69723732228319,-2.1804700688994143
7375,-4.710804190312015,-1.485623716088179,-4.178605153905298,-2.001611331348046
7376,-4.650381889264684,-1.286931875036224,-3.595676246979884,-1.8671703547945087
7377,-4.539182797180777,-1.0780838074513743,-2.951861110918773,-1.730904762198337
7378,-4.17897546388735,-0.8040372073416691,-2.2674970100608425,-1.525179681365517
7379,-3.7949452080285613,-0.4663725827658946,-1.5539961476943591,-1.3114907254041686
7380,-3.6658274863329385,-0.09024273628696092,-0.8217084363452873,-1.1613129125202333
7381,-3.6686340777723463,0.29922451209921563,-0.08753818265352409,-1.0289692380038067
7382,-3.5938158640479863,0.6728215101134308,0.6339865871774968,-0.8521042993376384
7383,-3.388917019662787,1.02155891835993,1.3346532000743476,-0.6238089216740095
7384,-3.0656733630491755,1.3388049322060653,2.009887590063786,-0.36552444285565805
7385,-2.817270090996512,1.5816695928013649,2.659396043811543,-0.15961780736523934
7386,-2.842578978153512,1.7136921562325502,3.2860484139655908,-0.08746289512056038
7387,-2.9295879596003003,1.7352207178712662,3.887475958952373,-0.10527572149694986
7388,-2.7960373450066833,1.6778083131848789,4.462639635292526,-0.1303982069738834
7389,-2.5702130065213344,1.643387988259141,5.029631479611953,-0.15204133735528177
7390,-2.4690093440093563,1.7229466748719382,5.603078668547679,-0.17687130238714033
7391,-2.5002867944991922,1.8636026515698156,6.16211271919687,-0.20281791751334657
7392,-2.615822185366275,1.9685195821931,6.677543602638356,-0.22954716949465384
7393,-2.7054649928541146,2.008004572297218,7.1388311094476515,-0.214864420508599
7394,-2.656783380737318,1.9851526736831608,7.545527673708793,-0.11975039831792506
7395,-2.6238568432599183,1.9481432968370294,7.912691402073763,-0.0016147055749143324
7396,-2.795677533549564,1.9540091306392018,8.257078987403233,0.06645873912639819
7397,-2.9918256325555896,1.9748303954502755,8.56433646892513,0.10318783118377675
7398,-2.9823805517547233,1.9566319282260813,8.811506127017877,0.14860936972741975
7399,-2.881865232278517,1.8963836057257797,9.000020042789762,0.20037783079600752
7400,-2.867331293165377,1.807791404352037,9.135398530575575,0.24719121490344623
7401,-2.954452445389101,1.7080486959612202,9.211059434452535,0.26250452780562217
7402,-3.103820181471611,1.617196931790608,9.221376306908429,0.22091017259528217
7403,-3.1466602180546057,1.5262159187967526,9.156902829344544,0.17065404305910514
7404,-2.9229370168469426,1.415382786195092,9.016774266711428,0.16521356608794824
7405,-2.6541606637464237,1.2969378760918282,8.845886573302431,0.14321424483534262
7406,-2.616577273279543,1.1856716269233,8.681831682766015,0.03044841422268635
7407,-2.63273035646358,1.051788311926918,8.540770057690453,-0.13182530514310759
7408,-2.4482706552115676,0.8685552403686058,8.39289691154723,-0.2750767107459035
7409,-2.1484866922719865,0.6735560508674506,8.214333463262411,-0.3796129838128946
7410,-1.890586138392255,0.5184498912499733,8.021088043428465,-0.4415603778328309
7411,-1.7568639476051922,0.41308509197988197,7.818289725864621,-0.4863362976121188
7412,-1.7861743110016424,0.3533089070653916,7.618662792224308,-0.546442017286575
7413,-1.7788831966194723,0.34117692584043047,7.422692922410451,-0.5781167608907269
7414,-1.515499011447221,0.37140798065174546,7.22701444269582,-0.5277431011965806
7415,-1.2038429888160471,0.4333486690862006,7.042495993747471,-0.45408338550741917
7416,-1.12022005353197,0.515241660592564,6.883293039692906,-0.42376327176978873
7417,-1.1295087810437388,0.5923735380741713,6.756615709970139,-0.3727887272082048
7418,-1.0118740778077224,0.6423876239175332,6.661189719528851,-0.2224668256051371
7419,-0.7514703314812975,0.6837266768281943,6.5882162334863725,0.01489731228777258
7420,-0.391859023310828,0.7380209188698058,6.5178517990116305,0.292463672896388
7421,-0.06084533738914458,0.7639254619346543,6.404103178071365,0.5191712681606093
7422,0.10660330092614412,0.7197868994366632,6.209186220679615,0.6195934911530054
7423,0.2654887183474278,0.6420314751788023,5.952731093500324,0.6904957310892718
7424,-23.78100173494928,-9.06485834030424,-11.16198218669919,-22.85306269194058
7425,-24.64663529839611,-9.290952998453454,-11.444026711026789,-23.80157718768942
7426,-25.590554487453076,-9.437337943574162,-11.744591871889265,-24.75315558521452
7427,-26.562889809312125,-9.53892133032662,-12.083461657362465,-25.680670578830462
7428,-27.46595521549693,-9.66563509517213,-12.44439864607585,-26.52936072003452
7429,-28.18993852284641,-9.874500063276285,-12.80622679257915,-27.213134145480836
7430,-28.664986531978233,-10.197620817750737,-13.142879693297367,-27.674134726594357
7431,-29.133838044301385,-10.608264406871257,-13.451696601674955,-28.03060561249647
7432,-29.827997203593696,-11.046886453046671,-13.741567688973523,-28.418621518269315
7433,-30.49070420564484,-11.45595486201427,-14.016543150044157,-28.782462566161104
7434,-30.82528872724328,-11.794178983159584,-14.281855990920906,-29.039760553873318
7435,-30.960254921190362,-12.058690846480406,-14.547133584956704,-29.237991533521626
7436,-31.085870922544267,-12.272684230903547,-14.814678615623091,-29.42873812980227
7437,-31.21932134724036,-12.470290008197848,-15.075863420295692,-29.602137696268976
7438,-31.33086184569482,-12.681717204368594,-15.317009171130533,-29.729199042332784
7439,-31.259763290143226,-12.90551547473116,-15.510646205074968,-29.72263923479856
7440,-30.86985622848144,-13.12949765827321,-15.647934989660659,-29.511734496169847
7441,-30.395577834048524,-13.357035490111691,-15.751389551565701,-29.192513738759203
7442,-30.090545016828845,-13.587004873918987,-15.864840769326882,-28.871058338251515
7443,-29.785340168445504,-13.815504483056754,-15.999684175149477,-28.4676069303511
7444,-29.264571521753496,-14.027083192721234,-16.126822312872733,-27.886433712620512
7445,-28.604713757767875,-14.153267716058739,-16.221422402798073,-27.166443195925652
7446,-27.923451444985357,-14.146794577402694,-16.28250289872007,-26.371833258822782
7447,-27.27689891699105,-14.07164522282197,-16.307062456389776,-25.549625105283404
7448,-26.689390312652918,-14.021569244186892,-16.304387243013338,-24.731216278029315
7449,-25.989959119351727,-14.04835573240674,-16.29038055866794,-23.853441203526483
7450,-25.02934735711508,-14.175620690529144,-16.276713227517707,-22.852024760246056
7451,-24.05351290629064,-14.38518475713468,-16.259019274878813,-21.814118934430095
7452,-23.32499935922556,-14.632479872514564,-16.228697957022998,-20.839950385015435
7453,-22.69200841523417,-14.884029561056606,-16.182834712250237,-19.882463709347935
7454,-21.943201243649,-15.111082207055563,-16.119677938589128,-18.878483104281166
7455,-21.089221784655916,-15.288610533297518,-16.047203592067294,-17.868964722155535
7456,-20.18617265324013,-15.403629514771858,-15.96744686423742,-16.89337285033735
7457,-19.320382712662692,-15.44109928930538,-15.845658355522428,-15.924778206217592
7458,-18.5622035668616,-15.404429478198407,-15.651568430653068,-14.928035129491565
7459,-17.747024768982392,-15.352923506049727,-15.406828018543104,-13.855110133290353
7460,-16.707376136815476,-15.343099644543797,-15.150475156515549,-12.689615796414948
7461,-15.621197106399359,-15.366504089721495,-14.905602199361121,-11.550923433946485
7462,-14.684136397296925,-15.390558543476308,-14.692911629603838,-10.562345262395413
7463,-13.763259240830381,-15.386530767057456,-14.537841806030881,-9.691789279815396
7464,-12.697022475891366,-15.33181797985721,-14.448266638236557,-8.863979001990872
7465,-11.500759168787631,-15.234490927379605,-14.401947676348797,-8.050831924639919
7466,-10.242019209444528,-15.115663812161227,-14.362310217527462,-7.227457080429727
7467,-9.093857684268626,-14.978062340957491,-14.284225147082834,-6.3891877046687515
7468,-8.187041073082513,-14.822384788329558,-14.133605163039151,-5.532292122408439
7469,-7.278520581612551,-14.663599960271362,-13.918338108168781,-4.578033863993411
7470,-6.10781055948552,-14.512270348333377,-13.66036601227988,-3.4638197999505103
7471,-4.848028109435908,-14.359844986949446,-13.362342570400603,-2.253066631754766
7472,-3.721183598042252,-14.193868943895824,-13.02318311102578,-1.0349730969197
7473,-2.6691203508635293,-14.010387325784581,-12.646435418021497,0.15532906069646618
7474,-1.5805854803123636,-13.806766887358938,-12.233773175858255,1.3102224388989279
7475,-0.33222387481375304,-13.579075983228966,-11.788641374041424,2.470753955770603
7476,1.1514136626880955,-13.324084017554645,-11.314374467576767,3.68718663535567
7477,2.6099773963986053,-13.036808842012721,-10.806964739553587,4.9299170567163335
7478,3.787806825075628,-12.714485059506437,-10.262455115823359,6.1608285679601105
7479,4.939837418591433,-12.359362292005803,-9.68753149762397,7.42811028752516
7480,6.359170378046947,-11.976361963854126,-9.090589227805916,8.774746196861607
7481,7.878542164130693,-11.577426932399788,-8.467674058567118,10.159133766196522
7482,9.273858117239234,-11.167880837365022,-7.816187168775883,11.527043039802601
7483,10.542118894784636,-10.728152744576104,-7.155572434236527,12.838598810337523
7484,11.783384847664857,-10.248863747553314,-6.53505648214493,14.087612726385336
7485,13.121238652746797,-9.764160180115155,-6.031730776091613,15.333352135121219
7486,14.678957009665776,-9.32441461999138,-5.651387821918684,16.640988873443238
7487,16.04888084022199,-8.988227202405037,-5.34135587426616,17.876063587872558
7488,16.824373679956576,-8.789887705599961,-5.076904387463086,18.903236759903923
7489,17.41628187598552,-8.690122898241691,-4.842874221365444,19.860264027558674
7490,18.336047575869394,-8.623677558058981,-4.650241812823133,20.91034003894341
7491,19.407751972167958,-8.558689828520595,-4.501080002073311,21.979443763756876
7492,20.054835236859997,-8.502057611344322,-4.629894638730821,22.599327876885607
7493,20.548270779921964,-8.43357078569524,-4.800745207304239,23.104317696190638
7494,20.922902430056507,-8.368948722406884,-5.023000712315643,23.48130373175486
7495,21.381133924136865,-8.323724714173727,-5.291753365516403,23.81147114582183
7496,22.120552065659584,-8.311373486347206,-5.592738134367126,24.18774599325029
7497,22.901478607378117,-8.352961267751295,-5.90545970591314,24.533941721171217
7498,23.409798339281362,-8.459369466060208,-6.208619773982083,24.742440177684145
7499,23.79864237631944,-8.608084618254587,-6.490969717769583,24.86322857566817
7500,24.308307407781953,-8.762064630850219,-6.745752226483501,24.977909140385748
7501,24.87446590726673,-8.894414333756892,-6.9639939227855345,25.090921824531485
7502,25.37214673398929,-8.984411117550705,-7.138368901991131,25.187833607887203
7503,25.699941836930957,-9.010220414029128,-7.259885386012891,25.223598800277752
7504,25.789874822286844,-8.966295960422558,-7.327300389589213,25.157492681045248
7505,25.883283338427596,-8.882171563845056,-7.362708369780455,25.076340034595937
7506,26.23262902818171,-8.797246196852292,-7.395100601321295,25.08095353961972
7507,26.542722180643413,-8.733657656702372,-7.444907911411296,25.101922002221183
7508,26.433919114175037,-8.696694654602899,-7.520081867843247,25.033201911684287
7509,26.03596070779114,-8.673432271919163,-7.6033107929513655,24.891606312710937
7510,25.60091793835129,-8.63773867399818,-7.6664905794363,24.71042666421
7511,25.185348129571615,-8.55651152200243,-7.696352350705374,24.46391975086229
7512,24.786249788511554,-8.409020661879634,-7.687932814373668,24.111400917449004
7513,24.245112742007958,-8.210270578065257,-7.632408386758344,23.570619069059305
7514,23.383389836248337,-7.992703193585336,-7.52986491080819,22.774606427355405
7515,22.4138641443931,-7.789457693854958,-7.4039914025305436,21.80737950873052
7516,21.598334229634812,-7.6191369389632335,-7.272953198045905,20.786346563734774
7517,20.707418986311552,-7.4590019735392215,-7.161096240230121,19.69076607836405
7518,19.445346161465782,-7.265944605453695,-7.061890348484068,18.467645406672226
7519,17.92258364964189,-7.004284523415901,-6.93902408768362,17.14014071635704
7520,16.352422185589376,-6.65263150821914,-6.780509432620823,15.739832924383604
7521,14.86240079181952,-6.218722416524163,-6.6000998318416695,14.283693979404886
7522,13.533373133268485,-5.7329276565345495,-6.425821852245172,12.785415375284227
7523,12.210342202715418,-5.229789014372594,-6.266029139046864,11.201233250162662
7524,10.693460728996504,-4.742227344806197,-6.1195589235891115,9.49806762146889
7525,9.165388857467482,-4.303628110075529,-5.985862794572016,7.781583964285394
7526,7.864094668535811,-3.9298086664961516,-5.860131000458832,6.182756497034021
7527,6.615337038399821,-3.5851627678380424,-5.729844356324858,4.714267967485586
7528,5.195327204179431,-3.226411918678016,-5.588729134449392,3.3478018486354055
7529,3.6856078497263094,-2.8716409619543772,-5.453393419121824,2.0729814692709314
7530,2.2470677843695213,-2.5561214747112087,-5.347004811652278,0.8745710785703253
7531,1.0541105907197859,-2.2699467782095684,-5.282778395259366,-0.23172280558061437
7532,0.22855671704077052,-1.9996453437993666,-5.263975062847223,-1.2249986570103506
7533,-0.4870591325429304,-1.7764856440313528,-5.276799110661854,-2.1734182761378538
7534,-1.4047761481330914,-1.628917560266969,-5.301074317428472,-3.1429722936008515
7535,-2.3317603796898396,-1.535970972597951,-5.327563717473236,-4.0482421117441465
7536,-2.9795185736505223,-1.46495794204017,-5.35473125935257,-4.786299923059161
7537,-3.448543374075805,-1.3925640648854591,-5.387495109901965,-5.396239460391931
7538,-3.9207469514014783,-1.3072775426127434,-5.43218236026891,-5.954568462706061
7539,-4.4689323584422,-1.2491041635909192,-5.488657404193873,-6.503848099833013
7540,-5.117775257893845,-1.2583948868957089,-5.551435619225286,-7.064280451792959
7541,-5.666163421037444,-1.2905304334075522,-5.6024753408050865,-7.558412865595335
7542,-5.896306598345324,-1.283747820314295,-5.63137582591542,-7.895997158937086
7543,-6.030013549459286,-1.2243921872490136,-5.641386883295257,-8.155262725038854
7544,-6.3611319696993975,-1.128956346585907,-5.651632446420938,-8.44125232595089
7545,-6.742060466973114,-1.0642885429000881,-5.665792520214093,-8.690102290474393
7546,-6.942699518400875,-1.0956324492237393,-5.658470500565149,-8.81358787112373
7547,-6.9917443163901405,-1.1994146563527845,-5.603755626217089,-8.82730337755395
7548,-6.976856954895898,-1.3088368379415254,-5.510893048629888,-8.780775270801
7549,-7.015169846085198,-1.3591712665736904,-5.3966961421922015,-8.766838558385864
7550,-7.200278335955938,-1.302122771061641,-5.286587442285218,-8.863370985941593
7551,-7.300357381422113,-1.1463158644476994,-5.185017470217668,-8.968794098094582
7552,-14.94968078975725,-19.50781256258099,-19.834500581582276,-11.614424492516047
7553,-15.248934630600044,-20.071483814609444,-20.447149125482202,-11.842617009815113
7554,-15.653794709011825,-20.57295401070831,-21.014915196197812,-12.113298043768912
7555,-16.125099103355044,-21.064489405159996,-21.54850918477821,-12.391294973908726
7556,-16.580330259192774,-21.583761593783784,-22.069630039679097,-12.636394706668838
7557,-16.976198629422832,-22.134921784824318,-22.59158679489493,-12.839761517939838
7558,-17.28644960323084,-22.697818487190336,-23.124256229046047,-13.014563990171132
7559,-17.69153173964888,-23.24678910465115,-23.67100351912559,-13.258401908513052
7560,-18.343134141813895,-23.75865461075746,-24.227900569600536,-13.646721678729902
7561,-18.96729564337653,-24.228435203131646,-24.791361888104426,-14.064020101304747
7562,-19.275060762927044,-24.666003305664283,-25.353702730358236,-14.375724677049856
7563,-19.42207488879993,-25.093043804297597,-25.895418304153292,-14.615830731023724
7564,-19.62998834957983,-25.52951678310011,-26.399292485710248,-14.85550179622692
7565,-19.89782361099766,-25.97422475401985,-26.86510030369231,-15.10936865793252
7566,-20.171751725151005,-26.417571883855793,-27.300186926866918,-15.383219093999855
7567,-20.323861936205606,-26.852161480673974,-27.709561937473037,-15.657968847697296
7568,-20.251511732854645,-27.273283992084195,-28.09949012563499,-15.905415292536741
7569,-20.170598016068713,-27.689345462617318,-28.480859081916744,-16.15891196178395
7570,-20.307413046353357,-28.106725086898653,-28.85880065320952,-16.44669967852546
7571,-20.483990882112,-28.50919196402136,-29.2227180415008,-16.698035078016545
7572,-20.481622629587406,-28.87270170391843,-29.558101570167835,-16.844220163931944
7573,-20.388260928442076,-29.180212004469563,-29.857019546807514,-16.911695052026666
7574,-20.336181349879137,-29.419646531358712,-30.116466556778207,-16.949224267136973
7575,-20.360352762215747,-29.582209797459367,-30.34077457014668,-17.00257680295052
7576,-20.4687396039709,-29.672811732212264,-30.53784189746192,-17.096961596062393
7577,-20.5325148350245,-29.717387632607366,-30.708461590508513,-17.143406787764402
7578,-20.43299153944036,-29.744404345654743,-30.851310174685967,-17.05643189830357
7579,-20.390407294607577,-29.773338540274178,-30.97484262440585,-16.938277927212205
7580,-20.60635518732193,-29.80375589676688,-31.074669700190174,-16.898375905856064
7581,-20.797356667527357,-29.799208915849125,-31.140507594886333,-16.857731380389065
7582,-20.658260445966487,-29.71503374255039,-31.145089976812738,-16.713299098972737
7583,-20.29454401222832,-29.523864417548342,-31.056555827157325,-16.455589647003087
7584,-19.899774881430027,-29.2229991912253,-30.879754330302404,-16.10722006109874
7585,-19.61470548125454,-28.850323578019786,-30.652403750654095,-15.74388434412895
7586,-19.512448347437356,-28.45270960206733,-30.393969571282145,-15.436455669809126
7587,-19.33149980450027,-28.0819935028527,-30.104767613657568,-15.117458664630533
7588,-18.81031139706738,-27.752879956775292,-29.775502581764155,-14.70347031345906
7589,-18.20334017565282,-27.44865152363189,-29.41091278295234,-14.251578430163418
7590,-17.817714644127275,-27.15062101736388,-29.01857011416609,-13.830509789016025
7591,-17.537405465757153,-26.82362192849663,-28.608688186380732,-13.409742321046174
7592,-17.178413439229956,-26.418321079497776,-28.183475222806347,-12.948869883807513
7593,-16.696672711178294,-25.92633525728118,-27.736161751671577,-12.427332242348308
7594,-16.093038153572692,-25.38502072567736,-27.248398359639637,-11.843006365266323
7595,-15.539503253485735,-24.827378053894098,-26.718450115836266,-11.289742771546614
7596,-15.196588316481774,-24.256982910233088,-26.165974665465807,-10.847110655540824
7597,-14.838290306519097,-23.66523601714564,-25.606073303296256,-10.404114922022362
7598,-14.224212088787578,-23.031302894042952,-25.03786186543891,-9.835023531857441
7599,-13.5554148283848,-22.346437347801007,-24.465300617709367,-9.197185690631681
7600,-13.069750407178548,-21.61015376108964,-23.881788090587044,-8.574998170333211
7601,-12.695002658739993,-20.83421264359135,-23.27208778450998,-7.958005238232751
7602,-12.296722369353754,-20.027064570667186,-22.61878008538713,-7.322294885574498
7603,-11.755951622178,-19.194481899610707,-21.897065318439903,-6.639877358844398
7604,-10.998650969872225,-18.332313471682696,-21.09547205392608,-5.893652199245389
7605,-10.226961026474717,-17.45218251880359,-20.24449535980881,-5.165546163277046
7606,-9.651203109562594,-16.591133144638047,-19.378238605903626,-4.535833125996598
7607,-9.082510450749702,-15.77187534481006,-18.521626942205618,-3.9384097467578107
7608,-8.295246473528097,-14.957386769765991,-17.66897298008887,-3.2928650437421667
7609,-7.408753898280801,-14.073330896478378,-16.802265521435523,-2.6341767924426063
7610,-6.5818767385713635,-13.088566726585027,-15.899868482856006,-2.014399783190924
7611,-5.806661005795855,-12.023359631619124,-14.971489994063752,-1.4534731241307053
7612,-5.022650763065317,-10.970341154824606,-14.091301221742071,-0.9823953881516019
7613,-4.182362037311766,-10.038762776094003,-13.400784395372536,-0.5674968979591242
7614,-3.244453043440074,-9.286753438034639,-12.934426224807325,-0.18520817440755313
7615,-2.5962384663554814,-8.705373498833136,-12.592635988905892,0.07403449487896363
7616,-2.5563961439974117,-8.273372959894102,-12.267351980825474,0.15376700706790417
7617,-2.5771412631647617,-7.937655015819561,-11.916310587448276,0.21897141390791458
7618,-2.0473497609095124,-7.62664309865926,-11.53501884602135,0.4462254486562296
7619,-1.2026454732740277,-7.271307420796653,-11.133161142352831,0.8116396743557417
7620,-0.6656624749877105,-6.834138992024219,-10.768968886086574,1.3680932540286246
7621,-0.24057595751384606,-6.37141526317909,-10.366867079021402,1.9333730488556873
7622,0.1041522988715577,-5.887579939430301,-9.920241615363974,2.4668034299100854
7623,0.5175642661211572,-5.390194377106568,-9.433566365026602,2.956348401773359
7624,1.1476895465681671,-4.890781367795721,-8.919493204166143,3.40620210409355
7625,1.7767593362492589,-4.404643532500543,-8.404533313205775,3.783040607044745
7626,2.1359280852716904,-3.9408751459098155,-7.914550261514869,4.065356551427872
7627,2.399609947316696,-3.494803100944047,-7.456149474765653,4.323255838801949
7628,2.821749346298871,-3.0554238765132995,-7.023805194893174,4.63316566462698
7629,3.3363055778818396,-2.6057330633906024,-6.5962594247411275,4.982699657085386
7630,3.8083051276238438,-2.1378095000355612,-6.159879590058237,5.325779550526535
7631,4.165079915090467,-1.6802006500119433,-5.725448102687498,5.607307813751922
7632,4.367471267277308,-1.2700251739384019,-5.322379555601111,5.78340120816665
7633,4.605744137787532,-0.9191027743158441,-4.958159236225192,5.910832858077048
7634,5.08635690688707,-0.623114330995343,-4.610675814648649,6.063943682518018
7635,5.5788479383021485,-0.362646240751144,-4.26402007801927,6.1855597793643895
7636,5.7919162896341225,-0.11698140777392543,-3.935371726097169,6.198998100206548
7637,5.902709229673553,0.13468460585843461,-3.661454902676748,6.143172643715689
7638,6.162511664274252,0.3921155536861767,-3.4509891990116115,6.081852259157098
7639,6.514552966883755,0.6322759335340363,-3.2921689528923634,6.039293334619224
7640,6.817790919923216,0.8417663101831242,-3.1592610319776417,6.023512665069081
7641,6.888544531254467,1.0265615178093035,-3.046247376869157,5.988719637445305
7642,6.585572365544262,1.170869525731721,-2.9559275764287185,5.88268060187844
7643,6.1664486466310215,1.2276080237609792,-2.8912595721953767,5.762188301498244
7644,5.957568727957962,1.199312030284813,-2.8567540806242504,5.701138803597248
7645,5.797094878844205,1.1660893146097862,-2.8498850807967364,5.649704949706314
7646,5.430326324929245,1.2039710511506734,-2.865197208132838,5.5371988778304075
7647,4.972224469972519,1.3194059907249718,-2.902659587177775,5.392921260804703
7648,4.60231943540018,1.4753581832381701,-2.9602895486839707,5.257405315081264
7649,4.3731954545646765,1.6259288985109739,-3.0348297658393673,5.113925443076898
7650,4.286843840846872,1.7188209365104652,-3.116561975882753,4.936258689763025
7651,4.1407171161793555,1.7350348090531882,-3.1681787483095967,4.675666660502657
7652,3.7317694221907383,1.6826343161862045,-3.1600215285901574,4.306955097263424
7653,3.3042344989110277,1.5938626182755413,-3.0981199110320077,3.956307460376915
7654,3.1745126763603944,1.5344503795977544,-3.0167124145939437,3.7650066807425393
7655,3.2141759847385623,1.568250114961978,-2.9440421592327506,3.6932551768272033
7656,3.19115294135674,1.6741379901705022,-2.887396139659815,3.647029788991144
7657,3.0840871122026243,1.754834747256586,-2.855536637558558,3.5972898774973885
7658,2.9239851290960086,1.755552404293574,-2.844747410922511,3.5378009680456457
7659,2.803558230556917,1.6948318772054103,-2.8533334310489873,3.5166146693797726
7660,2.822865657128015,1.634002858477471,-2.8677837738257903,3.5885117955882184
7661,2.8159469120822376,1.6110949441378175,-2.8611612920921488,3.683734678997887
7662,2.5861595230105308,1.6423669964574352,-2.797868851214551,3.707061100667271
7663,2.3290982675504113,1.6974727057036854,-2.6759036625127295,3.6841162588751764
7664,2.2877284436554235,1.726579745520168,-2.5328949838304213,3.6647470140934146
7665,2.311464483471322,1.71470944033186,-2.405616666027391,3.624938226393729
7666,2.186908860885741,1.6675009193322297,-2.310637691753136,3.5320924335603716
7667,1.9218682206207327,1.5912971455011766,-2.2465537443072927,3.377778140335792
7668,1.5971136528040177,1.5072674782482622,-2.206925695299809,3.1636287170342556
7669,1.412702217120287,1.4314835980972294,-2.190138744735117,2.9361045906123513
7670,1.5390618691574944,1.380588193766938,-2.1866096001585706,2.744572344752615
7671,1.708111212357294,1.3515554860501855,-2.175642318299933,2.5475729779689114
7672,1.5799935806130763,1.3060218610287586,-2.1602299950580344,2.2883888023095524
7673,1.2991637015522497,1.197045367905945,-2.160671141055512,2.0103850010510373
7674,1.1225829187544456,1.024779318985221,-2.2003839780703953,1.7689673768038254
7675,1.0280135882563566,0.8377230963900159,-2.2727757381042424,1.5345922353047363
7676,0.9407592390129956,0.6773224083839663,-2.3577542770516775,1.2666285520143867
7677,0.8150868769921373,0.5555114469772627,-2.440660110955985,0.9515400045615324
7678,0.6160355775272188,0.4592418380529738,-2.508081240452819,0.5977863428774309
7679,0.528000003051954,0.36661347445528725,-2.551612028232805,0.307507630452693
7680,-12.471606202522478,-20.713290552976563,-30.75125368074118,-9.69731082639676
7681,-12.630245974007632,-21.275148051147955,-31.582022840191044,-9.603977763759515
7682,-12.977314654967676,-21.83401330993108,-32.40037023093142,-9.534333716700182
7683,-13.407356728498385,-22.385634987030816,-33.1951475354759,-9.500850095043067
7684,-13.767151595044686,-22.92527856796025,-33.96459008443013,-9.495627692909581
7685,-14.003417518115121,-23.439690826168196,-34.70545590430395,-9.51779619651836
7686,-14.108977518666073,-23.917542724009266,-35.40755403131178,-9.561122964586426
7687,-14.280383169231532,-24.340331932180682,-36.05871598782228,-9.664545391266179
7688,-14.698513179373608,-24.708709494556093,-36.6565863811591,-9.8591438472756
7689,-15.11984753436021,-25.08359949985678,-37.21807123552148,-10.063900477999839
7690,-15.280627474514194,-25.52760627940534,-37.77331176782753,-10.200497859892392
7691,-15.392699137279788,-26.0496952646188,-38.33640895014198,-10.333638892976326
7692,-15.69760447931613,-26.624319816893735,-38.90117534254686,-10.538119091284111
7693,-16.07401779096871,-27.19359837376162,-39.45667442546139,-10.782325630683594
7694,-16.342400375444022,-27.69566089055883,-39.985126537380786,-11.012832575344492
7695,-16.389115657102778,-28.10571629881908,-40.47239444432971,-11.177308292256884
7696,-16.168266118536373,-28.424809922781982,-40.90918160014478,-11.247151800326696
7697,-15.932804639539498,-28.678252624533517,-41.30123616250318,-11.319678084681875
7698,-15.939750876545968,-28.89129036751717,-41.6552062524748,-11.49473375272681
7699,-15.976533956389257,-29.04705075860638,-41.98355156453037,-11.695776557079133
7700,-15.787095675224935,-29.123194953389795,-42.30434050942572,-11.828385129151917
7701,-15.54410978439205,-29.125126527848916,-42.622455010911665,-11.939554025863448
7702,-15.453152032172422,-29.07674821864654,-42.926889252674975,-12.096237710085669
7703,-15.463954964877352,-29.028946294165536,-43.211803381516106,-12.312735743450718
7704,-15.471519506433907,-29.02913285534877,-43.4714551815498,-12.582833663135133
7705,-15.309892804457425,-29.081003603952766,-43.71132031285466,-12.846942720217223
7706,-14.866048398524608,-29.160517077006617,-43.93171831639946,-13.041294024750437
7707,-14.41000546377715,-29.228630860977535,-44.126091574881265,-13.197204100372876
7708,-14.224448730271734,-29.242894987564217,-44.27458089465605,-13.357634865674688
7709,-14.110448885337922,-29.17885251794589,-44.352859431621894,-13.476164030248327
7710,-13.814275614569903,-29.030521660416213,-44.359782111822206,-13.503269350216975
7711,-13.418998975114505,-28.808308682161766,-44.31706872501334,-13.457900399535015
7712,-13.06818193949223,-28.5341549166143,-44.23769385002698,-13.369826347217945
7713,-12.858451493846129,-28.229156514232457,-44.113199390327146,-13.260132349366508
7714,-12.84131978813073,-27.912289060752048,-43.9267795904495,-13.142840441125005
7715,-12.81877444840711,-27.606065379959407,-43.68236590679195,-12.973544581347557
7716,-12.584672539173056,-27.323171953393466,-43.40541039350014,-12.718334181395768
7717,-12.315398791566768,-27.045475520684516,-43.096631517226534,-12.47009719738621
7718,-12.21908714853881,-26.750972064242664,-42.72378819274207,-12.323118477908718
7719,-12.152661322592545,-26.448836773522736,-42.263950198995516,-12.232360095409684
7720,-11.946816399589999,-26.14609397826045,-41.71646944459035,-12.130642883704473
7721,-11.633676026258671,-25.817548081386857,-41.08696863277704,-12.016204962542178
7722,-11.296117362757599,-25.428481046172397,-40.380680673895796,-11.907348987567586
7723,-11.100715658229442,-24.949352097831703,-39.60473817128063,-11.85773309641558
7724,-11.166795249234076,-24.362267488854247,-38.77240418682627,-11.913398426827284
7725,-11.242329207666447,-23.66732884563635,-37.899554723912175,-12.009950434826248
7726,-11.056272768686965,-22.891552456683698,-36.99170527247848,-12.069237232463164
7727,-10.789114078615045,-22.09858037923408,-36.050573597336815,-12.126638290724632
7728,-10.665390393647618,-21.349740825609285,-35.07563972293637,-12.219440175609135
7729,-10.56466963564627,-20.673055762121923,-34.0783543262637,-12.291354954218265
7730,-10.328518207872614,-20.058787283338997,-33.06653434409561,-12.273425132379453
7731,-9.915265669796119,-19.43842030292728,-32.022302669258764,-12.10836384418171
7732,-9.334900211840862,-18.737485064414432,-30.926782625772653,-11.771285660008568
7733,-8.806444553688452,-17.9426159064118,-29.767305122412015,-11.361824281238041
7734,-8.519984250975314,-17.07057180163343,-28.54374888652816,-10.985567142359239
7735,-8.194508325986227,-16.141729194300883,-27.251413939466815,-10.580940395523529
7736,-7.53064661066372,-15.18205610804821,-25.876489953452257,-10.067217533113483
7737,-6.759297470497828,-14.208749114062448,-24.420456919538484,-9.50146617232311
7738,-6.165436763838581,-13.227626292046038,-22.903773117502343,-8.953987157920894
7739,-5.672761269418419,-12.23554143342761,-21.339446089479544,-8.422929299268311
7740,-5.113265059127909,-11.280936918407669,-19.81951956615169,-7.880433553729099
7741,-4.490219836964655,-10.486742267049522,-18.52092293012252,-7.372376575673709
7742,-3.8136242770950366,-9.91119118615669,-17.512246157214264,-6.931307648542432
7743,-3.405523276112476,-9.515394197161774,-16.70716840594876,-6.720684989706314
7744,-3.541073807064402,-9.193469677729029,-15.99214064516728,-6.854466786186423
7745,-3.810873164541477,-8.894463501153174,-15.291919478997388,-7.102147816835278
7746,-3.7362481011875666,-8.592813090261824,-14.585128104106712,-7.193250326022206
7747,-3.515328547713498,-8.261783558950258,-13.893701554708793,-7.179089007384403
7748,-3.602357785190153,-7.902444583202014,-12.998657281850091,-7.190577696652726
7749,-3.79961830280743,-7.534645814751473,-12.125101493537324,-7.238353060603069
7750,-3.980477836309944,-7.185865238411867,-11.284864513270033,-7.310931892342824
7751,-4.027064913179472,-6.887248068193402,-10.474596544093462,-7.355744722388998
7752,-3.8545340385364075,-6.654732652671691,-9.684236453974718,-7.315717827542078
7753,-3.65309389507333,-6.465116056556663,-8.925370366882213,-7.257701970834457
7754,-3.654157777205195,-6.28011915411326,-8.21097365095856,-7.274285656460202
7755,-3.6931219301543927,-6.075899005888182,-7.5507085361517765,-7.323959309554386
7756,-3.542544216760953,-5.839635892500893,-6.9378879240178,-7.341134122433662
7757,-3.338858277211543,-5.57333860368727,-6.352985556330125,-7.365517335396586
7758,-3.278657306408069,-5.288428314618013,-5.778114877388045,-7.4427407583882825
7759,-3.37092261903007,-4.991157840501534,-5.207260787926303,-7.549627591968248
7760,-3.5620387449176842,-4.686766136822098,-4.640503586055542,-7.644409394656849
7761,-3.67844007814657,-4.378481287799286,-4.077225255174246,-7.650904094295419
7762,-3.5555843220610788,-4.073501933133118,-3.5343432517584645,-7.514336008474135
7763,-3.403520593874934,-3.800202605563308,-3.0480260847331087,-7.347163887112902
7764,-3.487170293642391,-3.5864951935144873,-2.6189643529112674,-7.285777203404711
7765,-3.6270569978953766,-3.4327249196484626,-2.202367346912244,-7.276913612197772
7766,-3.5684840293168554,-3.321235981822854,-1.7705686158447742,-7.219178827857269
7767,-3.379905999415638,-3.2272559915590677,-1.3317092097382448,-7.111449178875344
7768,-3.2055682495951103,-3.123467959480765,-0.8996471874253525,-6.978301051663336
7769,-3.1555791454224957,-2.9756991336695022,-0.4924321102767034,-6.847458283944306
7770,-3.3011992872117597,-2.766363863446565,-0.1255067609191241,-6.751785551929921
7771,-3.4277391621543027,-2.5461041644604725,0.1867294696185483,-6.66288053599128
7772,-3.2923915932809065,-2.3574956857804032,0.44583817725519004,-6.539760880376171
7773,-3.115829711982562,-2.2134310487421707,0.6747610554953252,-6.429210683510557
7774,-3.1951351211691987,-2.068472454136923,0.9090120854940408,-6.384639735800517
7775,-3.4035727293531775,-1.902231088539787,1.1661863004054773,-6.362259760920914
7776,-3.525149883400395,-1.754495543313306,1.4381947749433541,-6.303124346450414
7777,-3.533878419592306,-1.6699574047491121,1.7145946849786935,-6.2003922196370835
7778,-3.4548502839428155,-1.634504880080061,1.9791688011288877,-6.068753691448824
7779,-3.416765681626789,-1.6328077488693795,2.2193488214098305,-5.9690830831245565
7780,-3.5490924130830295,-1.6326489460141,2.4351609954928732,-5.954717696731669
7781,-3.641426668710702,-1.6282449236878176,2.6299786473969284,-5.945057720651174
7782,-3.446549965170758,-1.6234322450574072,2.8195681176246197,-5.836471234800362
7783,-3.1640065779224615,-1.598778681562465,3.0279453960398173,-5.6636249987189355
7784,-3.0710095286612957,-1.5358065402538137,3.2613012838917403,-5.498310843299883
7785,-3.106521511684501,-1.4447502979717672,3.5022801749047554,-5.342530265009913
7786,-3.1324415046346163,-1.3437343211563029,3.729959828749666,-5.1905282824582
7787,-3.0798307817132313,-1.2328504630838117,3.9309862600168004,-5.054154947744241
7788,-2.9130768031143637,-1.11051616768506,4.096855985303401,-4.936130838009102
7789,-2.827915621158229,-1.0037265190411206,4.22543113559166,-4.869916393615208
7790,-3.027861760330258,-0.9343782852069739,4.337209236719131,-4.867659384021608
7791,-3.2551770635113657,-0.8636753675522972,4.4740273736688385,-4.788813261008815
7792,-3.1889843092613206,-0.750097359352877,4.664799582431171,-4.492422637146518
7793,-2.9809010509388236,-0.6258059785860688,4.899402495049455,-4.051608306275682
7794,-2.8852734847626746,-0.5414932977177794,5.132553338173863,-3.6031690000672687
7795,-2.933984505181968,-0.5106019854772272,5.313070268394313,-3.198650434836154
7796,-3.0852713970412258,-0.5300971292692135,5.423263715024179,-2.8587461245022925
7797,-3.164417907367942,-0.5861934529129506,5.477213800488574,-2.546937938243703
7798,-2.9941481653177062,-0.6541149290185556,5.496554561101869,-2.2161112475540348
7799,-2.7874757174171076,-0.7107219350695612,5.502761072785556,-1.9579237833384877
7800,-2.819668996549207,-0.7416430469299962,5.514639008506696,-1.879230405630129
7801,-2.9122180602208965,-0.751418163399303,5.535580059254462,-1.9175397973896176
7802,-2.8091472470626297,-0.7532198314004157,5.553594755039254,-1.9684443421005524
7803,-2.5905574353387655,-0.7488402118383318,5.55912351477228,-2.0170041655537303
7804,-2.404612261355766,-0.7410914815614782,5.551057925311312,-2.067957904064613
7805,-2.3170708688976203,-0.7426732521535234,5.5264849979859205,-2.1194272639993175
7806,-2.3539340785740714,-0.7664226261771891,5.474454156982592,-2.1752031746786153
7807,-2.3226297544517767,-0.8350449370352849,5.380079316334479,-2.1907836021222544
7808,-13.091592961302958,-20.509345601670965,-25.765072911026838,-11.28222175650539
7809,-13.301880486397643,-21.149316674768674,-26.521872084652035,-11.708641060972859
7810,-13.816974258457224,-21.81284941629452,-27.230013602678188,-12.202838774607818
7811,-14.491353995611766,-22.475805729153684,-27.87449123836834,-12.68314131907427
7812,-15.10678436781712,-23.111189959781978,-28.458843301202307,-13.062519050807968
7813,-15.629482911921084,-23.715930982505935,-29.001469781405838,-13.356485372061375
7814,-16.077905667017102,-24.299987613030627,-29.524858877033576,-13.602855401834773
7815,-16.584012655837313,-24.8924327762644,-30.04791323579561,-13.842034163957559
7816,-17.263526866920575,-25.51661975038232,-30.577045226399687,-14.101850162597566
7817,-17.888433089788663,-26.149394391525743,-31.107546203409843,-14.307946721712328
7818,-18.22743907845693,-26.75907417794955,-31.639361160953094,-14.392669724905389
7819,-18.492550526829984,-27.31825321254678,-32.18166798564226,-14.454171431619745
7820,-18.93464177968016,-27.822213910180757,-32.73149552149516,-14.60353565101971
7821,-19.465256552179984,-28.273687799048602,-33.269284161460334,-14.81669596724434
7822,-19.9398794170921,-28.667347831275737,-33.76934567163235,-15.038178351387465
7823,-20.294114809987125,-29.018377699310054,-34.203693752272684,-15.223921000803537
7824,-20.500734966579017,-29.34303122547562,-34.563568045458005,-15.345399913735136
7825,-20.735493506859378,-29.65657097125117,-34.867354211997174,-15.482207380672342
7826,-21.1558342491146,-29.968127380497595,-35.15429924272719,-15.710050296479423
7827,-21.505104895737475,-30.271587583052334,-35.448793336951645,-15.922802242207664
7828,-21.51614397098586,-30.556379796415865,-35.74359179099589,-16.006110078703806
7829,-21.368790503287865,-30.811063401149557,-36.017673783598326,-16.016979651606626
7830,-21.305652911173098,-31.030362036920675,-36.25350696562448,-16.044955284371458
7831,-21.342615368938763,-31.24226702169792,-36.437457717854116,-16.124956952532898
7832,-21.428883396235754,-31.45822398468154,-36.56380546923515,-16.26574351719712
7833,-21.408969521433463,-31.655556865888098,-36.627984681453704,-16.39852016181034
7834,-21.146690881514512,-31.783056484645254,-36.629379231618366,-16.442922318212638
7835,-20.853777705895787,-31.805968595375706,-36.571491848579875,-16.44706048594071
7836,-20.760026752119412,-31.748952116876826,-36.45906315893918,-16.46524158330807
7837,-20.664733867813744,-31.661054626389088,-36.29835249870795,-16.396468718598054
7838,-20.337662595836072,-31.583622696826303,-36.09246111156528,-16.14812617224102
7839,-19.91247951526817,-31.49675796529783,-35.836075089503815,-15.791603575659607
7840,-19.56483035274046,-31.352250655107365,-35.522714319067184,-15.427416952997666
7841,-19.31150226314426,-31.144923449694215,-35.14732648466426,-15.099063830529635
7842,-19.125532619291693,-30.918622632954904,-34.71244118349406,-14.819496951911406
7843,-18.8622480581008,-30.698888228471777,-34.233539422411894,-14.526292158187104
7844,-18.399866382313956,-30.474341085394066,-33.72782152010506,-14.147702988736063
7845,-17.966226128351618,-30.21609456112552,-33.19377843371782,-13.734971781177471
7846,-17.7921237841211,-29.900257668659282,-32.61362495813202,-13.355630372324235
7847,-17.661847230341518,-29.50811232756245,-31.98228041922318,-12.95107685073474
7848,-17.321964495356852,-29.036455532600506,-31.314894510592488,-12.473197141231385
7849,-16.857980888988838,-28.495347844153212,-30.6227382124808,-12.012154998398454
7850,-16.41379653814023,-27.90299428169147,-29.90117656275944,-11.666972729149455
7851,-16.072364955267254,-27.277756930730817,-29.14078115195692,-11.468106959870937
7852,-15.869866134900786,-26.633293047978512,-28.335561662813642,-11.396484116978868
7853,-15.588523838245628,-25.976425564723108,-27.4735803887296,-11.32870559849783
7854,-15.026458365161544,-25.304158057218686,-26.536119063163127,-11.14357945997669
7855,-14.441746870432247,-24.597868686189354,-25.51353505007908,-10.884229856137189
7856,-14.119913288109382,-23.842605686697702,-24.409570867377358,-10.631701247078002
7857,-13.903590908995099,-23.02296586695474,-23.23328466355655,-10.378884465516839
7858,-13.57079154365338,-22.14265256601257,-21.998531892235196,-10.100316314844074
7859,-13.09257675614765,-21.215314017734702,-20.716878341555656,-9.77293965556927
7860,-12.499474816316072,-20.239658035428544,-19.394792623773878,-9.37310251922389
7861,-11.968713028508816,-19.200052402881276,-18.04138958932916,-8.931392242888554
7862,-11.651379962738591,-18.097273331500396,-16.6590277893162,-8.483234624301051
7863,-11.289499397151385,-16.97852138916172,-15.243517116579484,-7.979318966641299
7864,-10.607804203127362,-15.904196530672978,-13.797477613445203,-7.377965641710509
7865,-9.802823555224577,-14.880914733646666,-12.331171539655937,-6.748493950962893
7866,-9.124067282483246,-13.861891619369803,-10.836784015242268,-6.170033762666804
7867,-8.511849636502287,-12.800299889122318,-9.29426895712689,-5.652559784682116
7868,-7.8182719453209675,-11.74422097090236,-7.7641478171235985,-5.18679934252373
7869,-7.076861691806283,-10.831694338351642,-6.423455138711279,-4.767356955026509
7870,-6.304840901666024,-10.123972863261399,-5.364161125563414,-4.383003840340514
7871,-5.809517767374747,-9.53785570905551,-4.538530823911639,-4.106245331123044
7872,-5.825735256855122,-8.971197957144588,-3.844590951305843,-3.982769611734854
7873,-5.868139235021757,-8.371717567269997,-3.1769430348539456,-3.850823153245143
7874,-5.407639211933496,-7.720650782727647,-2.463045382808353,-3.5568180488841503
7875,-4.702750293082129,-7.0472505086679975,-1.6851786501051604,-3.2028281351366177
7876,-4.296541401762247,-6.189365176243118,-0.6389377687403786,-2.985914149480145
7877,-4.035746904401674,-5.432640603898771,0.35452856404151206,-2.8803950430192318
7878,-3.8179538963059136,-4.788900346883321,1.2837538284561847,-2.868655671556823
7879,-3.5461095902606874,-4.257598192209715,2.144921324586328,-2.8966422038441384
7880,-3.143347420209464,-3.81092180886481,2.9455746717265154,-2.898490845843406
7881,-2.8257668862487613,-3.401719414137656,3.7061546742560605,-2.886158599616606
7882,-2.827974556809932,-2.9801602734655184,4.445151296760015,-2.8906554189227323
7883,-2.893998505215116,-2.5098441332620545,5.166210920577177,-2.8512061912504247
7884,-2.684526819958901,-1.971129328274979,5.8662715854488585,-2.7098412507142666
7885,-2.294680005469067,-1.3614443592903385,6.549905795984502,-2.5270509548316524
7886,-1.9220209519355904,-0.6974953101366498,7.236030593911002,-2.383919759423984
7887,-1.5869192455392624,-0.010934763216386712,7.943255951229932,-2.30013358537703
7888,-1.2761293670508138,0.6608448078800108,8.660736551640781,-2.2625259750850977
7889,-0.9048567791968323,1.2761499638794398,9.352514825492054,-2.1956001774304656
7890,-0.38342517225818734,1.8101306647399642,9.999784059939664,-2.018393683237303
7891,0.09219380026296459,2.2835280852719233,10.611520086787364,-1.7833540552069023
7892,0.3087239616881949,2.736883335348546,11.196419709332252,-1.5710859053350894
7893,0.48001943113200485,3.199005819064077,11.747793449890422,-1.3254081830962683
7894,0.8797834647775455,3.6858343389084354,12.253381373330512,-0.9813979417338615
7895,1.4255443679634827,4.194551886992772,12.71545994228792,-0.5959878809895705
7896,1.937223854950515,4.703515693226261,13.157872885570598,-0.257060249206262
7897,2.2721736854163073,5.17960427033393,13.606502281582875,-0.04651633229235384
7898,2.3401823861011586,5.591312288265151,14.06840236950127,-0.015459516298601341
7899,2.3696657458491397,5.921400510680769,14.533648150061524,-0.06591127107444719
7900,2.636920425370716,6.171477073000231,14.975374302768254,-0.06369521160825575
7901,2.9431382092248923,6.367031294947025,15.35745533112314,-0.0512814310608434
7902,3.005470945528379,6.537021387141506,15.666427923404623,-0.10089786529734399
7903,2.9845713919822683,6.7247020943451234,15.916904901744786,-0.10720545143232404
7904,3.110435453524502,6.9424578344226004,16.129225106464627,0.039077593030335374
7905,3.324331011450837,7.1656363033727395,16.32568275649746,0.2769161997933053
7906,3.5136409681757357,7.371913786980056,16.53058993400668,0.5013498097030522
7907,3.5998841503939616,7.54115617764866,16.748511352058337,0.6301402265503476
7908,3.5363116530031267,7.66052119114196,16.959700416195314,0.6152736587878228
7909,3.5313407445039644,7.704184138692174,17.143620951334842,0.5643761968871315
7910,3.8049073281230448,7.668123795023725,17.28034552098954,0.611053216417161
7911,4.128242375874651,7.581578298769086,17.37080935963071,0.681481822933596
7912,4.196327080132262,7.496367357986181,17.42153307203998,0.6585200380284961
7913,4.105006534590504,7.462559218585802,17.438775836397,0.5758894264336278
7914,4.041989576214892,7.474822591255848,17.421192862454248,0.503278698614857
7915,4.041856532497742,7.4760546320431835,17.3698664807672,0.4797237397286753
7916,4.092992082721959,7.431610411830733,17.301734708118957,0.5283037737588292
7917,4.04997187834154,7.358413425498627,17.24247193278859,0.5891449570157989
7918,3.765129516678087,7.29850619450007,17.188482666308655,0.5815510456966628
7919,3.4372685961605742,7.2679288074637025,17.10249885535086,0.5364316696957796
7920,3.3218917042659255,7.266183481352486,16.9589456580216,0.5074133588871595
7921,3.3004253117214333,7.270802911912232,16.755549885822827,0.4512277078041378
7922,3.1769476230948928,7.255285686146568,16.50275544973303,0.31892487763427363
7923,2.9905263712494254,7.185031398874065,16.21023338190623,0.13333431313488703
7924,2.818655270084169,7.055979256009271,15.88630349289353,-0.05977502586665343
7925,2.6899878265286126,6.895552917429383,15.543311324799793,-0.1922969918938858
7926,2.6155836002544683,6.721037215138812,15.207627215176977,-0.20720440532005946
7927,2.430557890036018,6.526355666197064,14.906064907778392,-0.16381715146721748
7928,1.9829761197374818,6.319957024541683,14.636173984310576,-0.14584031063525393
7929,1.5197110014394337,6.12167885302313,14.368283486793388,-0.09956257723211745
7930,1.3419755269443496,5.9490521711421716,14.061344350141248,0.044412121546442085
7931,1.3452553517972068,5.783456894702026,13.695999094187691,0.213153991199181
7932,1.3242649411169034,5.599479313226815,13.27008359969878,0.3144423589316788
7933,1.2373702301249798,5.3931808788754925,12.797738697244423,0.35190847741548303
7934,1.0931505161159993,5.174204016370398,12.300415411676193,0.3550811733845904
7935,1.0259083516781415,4.97469856417691,11.799526447774493,0.36216313513113474
7936,-10.734807632179821,-16.193149660594162,-11.695478848647083,-9.064485935800882
7937,-10.928601741526405,-16.58600604646059,-11.900324843812204,-9.19117817773391
7938,-11.356692401951088,-16.97778444798811,-12.052187315140259,-9.315936399207079
7939,-11.842424792442259,-17.427899006674455,-12.202107177437995,-9.42312647746579
7940,-12.168896909167525,-17.97736946096184,-12.400584307063552,-9.502439235689916
7941,-12.36302849790631,-18.57228871000506,-12.633591153517903,-9.587516524976778
7942,-12.50608280420748,-19.14535372270873,-12.872951924955261,-9.718141417708868
7943,-12.706800514173983,-19.659307374893938,-13.111636749042397,-9.961405206397865
7944,-13.048613411849615,-20.13524569080991,-13.35232322537707,-10.346308275810213
7945,-13.343677796217237,-20.59371436143027,-13.623845894246363,-10.73484361520983
7946,-13.408671817928886,-21.063537437051227,-13.950063687656876,-10.98029512963161
7947,-13.477917819667313,-21.551306735811746,-14.303670751115574,-11.126854962481548
7948,-13.805018227814289,-22.04695656630572,-14.641348543771157,-11.257837770803835
7949,-14.247920129703331,-22.53497452020173,-14.932904143791877,-11.347016735545168
7950,-14.609136371708251,-22.99809929065564,-15.163364940906234,-11.370549517187353
7951,-14.857812619735478,-23.427023984557206,-15.347276725348104,-11.371111542111734
7952,-15.017704529807599,-23.81769926521869,-15.514169557789884,-11.394727756246667
7953,-15.262582086910857,-24.168842230885332,-15.690178853998999,-11.496294435581735
7954,-15.738558468039258,-24.480140724299446,-15.887320423643391,-11.704447780160393
7955,-16.18604809343621,-24.742888713177443,-16.091603023547755,-11.916978860994705
7956,-16.329974208860893,-24.95419585089419,-16.276675098880467,-12.035229964098901
7957,-16.364942791847714,-25.133513631903035,-16.408717750876292,-12.14113921581758
7958,-16.535813894263626,-25.30572525255597,-16.47143250485479,-12.335685142335572
7959,-16.776573919939377,-25.49001935877887,-16.508164117039254,-12.596099193119995
7960,-16.964220400980437,-25.694716726866982,-16.56878383227673,-12.863502474076467
7961,-16.987554970275895,-25.90385224947994,-16.65134162363599,-13.057540571907666
7962,-16.781377164757146,-26.094017999825468,-16.733138639022243,-13.11807820406652
7963,-16.58314444400265,-26.2538321826282,-16.78726772386556,-13.12737062203469
7964,-16.626819148244053,-26.37786726139923,-16.79011267767248,-13.190470438834499
7965,-16.682216813319787,-26.468655480257013,-16.74864523372945,-13.268472859483227
7966,-16.479176760291864,-26.528541962141674,-16.684611268474068,-13.305882665380729
7967,-16.14798215100557,-26.53818875280216,-16.607646745585217,-13.354248421006357
7968,-15.875092770946562,-26.476342728700534,-16.526235087871132,-13.460512243194628
7969,-15.684946181068316,-26.353403828759813,-16.460309247070246,-13.603035694755905
7970,-15.55704776516809,-26.17523337915131,-16.417198836417423,-13.736944132055928
7971,-15.335317663791182,-25.935516503854465,-16.37127363140038,-13.772427539039711
7972,-14.887524338606392,-25.61842288981826,-16.288669201359593,-13.644522343464672
7973,-14.46099547183663,-25.2455761786773,-16.14501997829732,-13.442575251720948
7974,-14.312140936531106,-24.876028953178118,-15.930550093885714,-13.279430342507704
7975,-14.234901673943856,-24.547041803580385,-15.663852159904572,-13.133722875359437
7976,-13.978719569918567,-24.25553340043126,-15.374530036778822,-12.960453631562128
7977,-13.62986564203717,-23.98648278175168,-15.08040963784256,-12.782205735585464
7978,-13.328452143774491,-23.72927519391426,-14.789147585838966,-12.620626617633373
7979,-13.146067630745925,-23.45872045331384,-14.496803080548492,-12.475163598665116
7980,-13.113931001596342,-23.13546116442468,-14.187911374665696,-12.335560997179128
7981,-13.033293618968038,-22.752547794049168,-13.843615759828303,-12.147285663747953
7982,-12.721837906248858,-22.34941259441931,-13.444390456466868,-11.859719266655299
7983,-12.435152519335155,-21.93735750339838,-12.967937685336777,-11.511859160434076
7984,-12.442442737902427,-21.519642058317437,-12.403470709528388,-11.150126620760773
7985,-12.558137987852882,-21.07353379773505,-11.768898909874416,-10.729682826797648
7986,-12.527908713047886,-20.56857176914882,-11.093013221003352,-10.206888321238944
7987,-12.306584052379533,-19.99553416478465,-10.393745307846048,-9.612241154991848
7988,-11.920451904714081,-19.36058408412152,-9.687861032121551,-8.997826093970126
7989,-11.531782698837759,-18.681054545325118,-8.998774855266372,-8.434180457866736
7990,-11.296970253531216,-17.978125954294047,-8.341745417248973,-7.9733528999387655
7991,-11.030283595484894,-17.268444005598017,-7.719454568753031,-7.553207844992532
7992,-10.521925535416305,-16.55302259273053,-7.1248531287733705,-7.100705226208995
7993,-9.956596877938122,-15.800960690433095,-6.52773404015762,-6.6710540948439
7994,-9.54473063607209,-14.975759087111888,-5.905393841567324,-6.325960084575959
7995,-9.175009321292427,-14.065350759350075,-5.289120197665222,-6.0261337221048485
7996,-8.668751862140923,-13.10947770922982,-4.738638980691823,-5.693150875616688
7997,-8.108604859811939,-12.203974310706409,-4.269211578706085,-5.322573691033295
7998,-7.5681442207228855,-11.415311840065609,-3.8913779629745466,-4.909295157393382
7999,-7.316799620395818,-10.737273943025436,-3.5759717608913415,-4.565491407187773
8000,-7.52510604369553,-10.154726390666239,-3.2805895609411486,-4.393132070356902
8001,-7.643577245511381,-9.671519386387493,-3.0125321222298433,-4.256489893496863
8002,-7.126258864541511,-9.282412470842516,-2.7945220155980968,-3.9985854448650877
8003,-6.353485871909754,-8.953816628083805,-2.6221253986808586,-3.724984234333582
8004,-6.015388134375658,-8.448926779163095,-2.293191410480725,-3.5489656231656976
8005,-5.860818614641375,-7.883560993825215,-1.9929018422249085,-3.421452346651481
8006,-5.687228442624906,-7.287027092525336,-1.6967626498072361,-3.231575596949428
8007,-5.416214040686871,-6.683024227399499,-1.3783325978292862,-2.939677225306162
8008,-5.013617160342388,-6.056286777951098,-1.0183337831913046,-2.545233622376524
8009,-4.626626120941126,-5.3765713362147745,-0.6133476962620568,-2.1434324586719358
8010,-4.420800293490643,-4.637393397280689,-0.17201838928825525,-1.8417964414356562
8011,-4.169466070893865,-3.858267927405182,0.29364226326491794,-1.5815460182101526
8012,-3.604435377203098,-3.075637325089042,0.7669221827740521,-1.2625440956014584
8013,-2.9268569158099456,-2.3108131634354856,1.218959934751823,-0.9141835820355286
8014,-2.423726257400721,-1.5749024322590872,1.6284067391447579,-0.585999786070167
8015,-2.0811057723146886,-0.8643401012540762,2.0073474347602116,-0.26613659092137676
8016,-1.7960289325925176,-0.17100406050674927,2.3797605039847904,0.06762330382042524
8017,-1.4325312431311503,0.4936211062698859,2.758126210143427,0.4810191017252543
8018,-0.8699747101968297,1.1134557456668561,3.1465891618662805,1.0164167773178332
8019,-0.29117182614072956,1.6848062476335448,3.5360828137511593,1.5244365731097602
8020,0.07031125657162589,2.2100658207866015,3.910579101311303,1.8322220066863713
8021,0.38848291874634894,2.7023017083432883,4.263178784222852,1.9857769576767867
8022,0.8987420352839806,3.17590746678196,4.592545339738104,2.0983416869541776
8023,1.4687538715442332,3.6228130993636434,4.896222771103225,2.189968428665513
8024,1.9064311779360843,4.032610702554833,5.176090794536928,2.2672105544162817
8025,2.1984195322363527,4.4201470964260015,5.443153521525019,2.350611442794865
8026,2.3941173835488847,4.806860785996856,5.707422935121458,2.4496901592230462
8027,2.688715840941913,5.2051773927315805,5.970009982277277,2.6037222029930667
8028,3.263056202872101,5.621283973767762,6.2258688394734145,2.8453090342703264
8029,3.8719439385377363,6.046451776127455,6.458043614769529,3.1088086513775397
8030,4.201577932742673,6.463707386710626,6.65178006697951,3.3145760864593647
8031,4.414561346418024,6.870272936145567,6.822358547665192,3.500605127217322
8032,4.763244983726703,7.261546325414324,6.99016733129046,3.7194043366062077
8033,5.173992540819951,7.603162269289126,7.148077498251198,3.9173642195555987
8034,5.51160711935858,7.863315261621439,7.280046839354155,4.030164413495008
8035,5.703261124361795,8.048229477982845,7.37555739059703,4.038655242634048
8036,5.717437223737863,8.181282069286878,7.428711478439518,3.9615466393340713
8037,5.78381730620397,8.290160492456511,7.446615469379334,3.93460626917783
8038,6.143020241741974,8.398843902911617,7.444778469027058,4.088218084469456
8039,6.562030636898671,8.503841637501962,7.436808317829117,4.337348396348775
8040,6.720591149956146,8.590764479964834,7.432417300886916,4.532887230147305
8041,6.7183259398840764,8.657753421145083,7.437250093568014,4.645191744121802
8042,6.747586776802558,8.710047255452604,7.449812057126573,4.685136517080096
8043,6.817923294495483,8.762682750917342,7.453900620391979,4.6664969131740115
8044,6.902200139255261,8.830887937283958,7.4353084777713025,4.624846587483107
8045,6.888613164262633,8.912200732668829,7.406541213703384,4.562639769054016
8046,6.67767061203841,8.994452791583804,7.389745220513919,4.479007524170826
8047,6.5176910454595385,9.06008473226479,7.393852052692187,4.460808159830542
8048,6.684970343541881,9.094732595024722,7.421546350112083,4.5850962898856835
8049,6.988292538540828,9.108825372592413,7.479190171054751,4.782730658542811
8050,7.1362569053815355,9.120115040249123,7.563427062802908,4.949767565344999
8051,7.137016857499432,9.123419607009488,7.641392042072943,5.064034648849365
8052,7.0814339894317015,9.112778673537555,7.677915545867388,5.134130676956472
8053,7.054535279073306,9.073568648114975,7.672272886523747,5.190990243511932
8054,7.1356483439815195,9.003216621996737,7.633434286102825,5.268393443013624
8055,7.181264179914889,8.890813914454814,7.557695809880991,5.320245377079624
8056,7.020264886586179,8.708160951891887,7.439206980595132,5.282744541149569
8057,6.848510040995643,8.446708010454637,7.2583928688012005,5.1808968596632266
8058,6.905153423882941,8.154813168744761,7.003239326754918,5.0594446537045625
8059,7.04036196103373,7.897241756802846,6.720165243775265,4.90090076205652
8060,7.032167382374806,7.72962559225337,6.463525765732659,4.6907306952062555
8061,6.885465271010215,7.612864582633749,6.2267014890134735,4.460061648358167
8062,6.667010904845606,7.485237849658807,5.985937336604473,4.252378980497662
8063,6.486339284710203,7.306482861929692,5.735978880406563,4.148135601686644
8064,-9.240834725668392,-11.899835292477,-4.920084346224927,-6.424124939252354
8065,-9.42447529774744,-12.393729341181142,-5.170755242098096,-6.672535444615251
8066,-9.814577071817347,-12.855396379351909,-5.394669486356423,-6.952469810648998
8067,-10.218427009756589,-13.29386187482742,-5.619596833341004,-7.247576434239039
8068,-10.414656075869791,-13.721326277623303,-5.878096791327546,-7.533701657200802
8069,-10.476573187156323,-14.121477375120405,-6.163928609745442,-7.825836908727808
8070,-10.539673394928819,-14.459988718931932,-6.461494215559666,-8.136405876175
8071,-10.722795305061645,-14.7310451411654,-6.759781048485662,-8.46151296785867
8072,-11.097448478756183,-14.973954676210793,-7.054502850754446,-8.78849278282318
8073,-11.464525432271618,-15.238432828726232,-7.369052064375899,-9.057871996035987
8074,-11.613255920115007,-15.542322366442857,-7.725821306692859,-9.22730133183799
8075,-11.720997785689127,-15.87470039800248,-8.113792002715048,-9.382550098591622
8076,-11.996271888779079,-16.2204601321788,-8.504526241823445,-9.609962123725303
8077,-12.29729218275996,-16.549441023122807,-8.858349888487943,-9.847482140380588
8078,-12.451475319812115,-16.814160086228185,-9.141760587388207,-10.008079090700516
8079,-12.477334840778095,-16.990117784371684,-9.353943326402254,-10.083508683978208
8080,-12.440282164242705,-17.109340048587782,-9.51310179792387,-10.086990118217669
8081,-12.484778761418092,-17.234637351183107,-9.644361944332015,-10.046137592771656
8082,-12.721750299735088,-17.38559112516382,-9.770095506228179,-9.995760591248679
8083,-12.928661733463771,-17.53770936732921,-9.88944768511425,-9.914253093656638
8084,-12.877089222799873,-17.64723060311541,-9.990151203329036,-9.781221923508891
8085,-12.773465557296916,-17.695665168324823,-10.068280777024787,-9.672783960802908
8086,-12.854115665589797,-17.68977413465918,-10.116597119353665,-9.655972279267923
8087,-13.012224053469074,-17.68174993136086,-10.117162389847543,-9.681758905701903
8088,-13.07982638355345,-17.730129122906853,-10.05733939213288,-9.681564263123747
8089,-12.936394913844891,-17.839786637131912,-9.930946913316978,-9.621116929728409
8090,-12.532367838987462,-17.995659292472407,-9.747803619184298,-9.497895502004232
8091,-12.143914065534604,-18.19877297048886,-9.559522211528977,-9.408714653728978
8092,-12.050551442695738,-18.438705692923993,-9.41186465642902,-9.441679696002879
8093,-12.03529949592282,-18.686378015472194,-9.292831750465858,-9.517328123213039
8094,-11.831322848776136,-18.908052847534446,-9.169647427190299,-9.526434040589983
8095,-11.606950504747818,-19.051101472758805,-9.009780762634477,-9.462588824048327
8096,-11.570894507481077,-19.091989099971823,-8.795694268294092,-9.349360714896163
8097,-11.68779288366381,-19.05596727561637,-8.56371566489211,-9.222942529489588
8098,-11.872597723690035,-19.005124847004954,-8.362771078199408,-9.12228182220257
8099,-11.984955564271091,-18.968904443482085,-8.20209242610101,-9.00696824882685
8100,-11.91662532683818,-18.925693268410548,-8.073159803985828,-8.833452694038629
8101,-11.889064752684535,-18.84072903163729,-7.967033793129702,-8.689675936009303
8102,-12.123268789886936,-18.721101153825312,-7.8672668555664735,-8.65633620033536
8103,-12.369086163830078,-18.587163810656794,-7.747822519068402,-8.639246173812268
8104,-12.34081649134042,-18.46346533657599,-7.593869109622646,-8.536040944793646
8105,-12.165942053101663,-18.335461707139316,-7.42605711316642,-8.390692274608025
8106,-12.02107873172495,-18.167942709957867,-7.271162848886892,-8.274507861872316
8107,-11.89255179900337,-17.917184710575267,-7.128414786719231,-8.21904484116736
8108,-11.720854875121777,-17.54866542379762,-6.989252432778316,-8.23035253850316
8109,-11.333555658978863,-17.06442135563147,-6.852594000008538,-8.237925972791961
8110,-10.601030992867395,-16.49147898210637,-6.714172892180056,-8.15583835719305
8111,-9.796597726823821,-15.866034097944906,-6.567165224121271,-7.993096918282439
8112,-9.21258573682551,-15.223255708667844,-6.403478448814982,-7.77478675561424
8113,-8.671870481639822,-14.59133919234981,-6.205730828586085,-7.4488601455136045
8114,-7.946978869416518,-13.97740562718102,-5.962061222454545,-6.977413972605394
8115,-7.129328240489246,-13.340673778992743,-5.683731885273256,-6.4085448172854464
8116,-6.365372094469079,-12.652395095720342,-5.389314020409629,-5.812528190271785
8117,-5.773941002760685,-11.9073333186645,-5.090991183358496,-5.2549064063959845
8118,-5.424574167931276,-11.148336273938801,-4.794280275992843,-4.783525500928105
8119,-5.091973154903377,-10.423642011143112,-4.495115533369764,-4.368314143793534
8120,-4.551312502784337,-9.732313234774137,-4.182065048977647,-3.9642842522090245
8121,-4.033405457300781,-9.0539455061652,-3.8362998745128514,-3.614884431155603
8122,-3.7951827071743964,-8.355688662542686,-3.4450199596883397,-3.3582392741173352
8123,-3.6773830904595415,-7.638794046292706,-3.0212585805189325,-3.1272840798962576
8124,-3.420815921668798,-6.968281882773963,-2.610883699722301,-2.8410131190118157
8125,-3.077939309695806,-6.451562338083574,-2.232901570148871,-2.519372555899112
8126,-2.705101509138056,-6.110415382494787,-1.9138015997367843,-2.196553885921518
8127,-2.5223381273220373,-5.860494067595501,-1.6307972997606583,-1.9615597683146857
8128,-2.68326546414906,-5.630156137745678,-1.3442700195779487,-1.8748811802642882
8129,-2.7754873193552676,-5.386631467050783,-1.068857501511434,-1.7971486421191858
8130,-2.3695641037578254,-5.131154555988132,-0.8256119499701807,-1.5732177035805093
8131,-1.748898847362799,-4.835303833724378,-0.5808801679818522,-1.2668967098604584
8132,-1.3863311246503651,-4.322356532544379,-0.35626591855074613,-1.0062976158919898
8133,-1.1688443629127574,-3.724345217208587,-0.08563290831474044,-0.7797181972744331
8134,-0.9461390266393974,-3.0558886727862986,0.21322945176541513,-0.5734824168103085
8135,-0.6889604461513539,-2.365731612560834,0.49773110238639945,-0.3864256237675359
8136,-0.3945660752882678,-1.689893909801771,0.723382351579563,-0.21547958219476868
8137,-0.18908310031745063,-1.0528239658314098,0.8846075566194174,-0.10178685646936551
8138,-0.1967746936217677,-0.4863335118061567,1.0002452536029518,-0.07671532186831018
8139,-0.19225894442450167,0.011283196668433144,1.0942029799684319,-0.048382007627279344
8140,0.09095156067093775,0.46397814304306034,1.1940714531012175,0.08886687700826207
8141,0.506294069750061,0.9520832753591297,1.3223200808840287,0.31123659737403314
8142,0.8168091062044645,1.5340198081857883,1.4885202903866503,0.5548797722580244
8143,1.0373264407841025,2.1991884449528305,1.684799251713005,0.7912466211366611
8144,1.234914419755263,2.8655348277123163,1.8957236349358138,1.0035592713790544
8145,1.4489896814413485,3.466491862660046,2.108271244929258,1.222009154820887
8146,1.7123874431148873,3.996148258722231,2.315767518320541,1.4864568763886965
8147,1.8601333954197574,4.464095762649716,2.5299658180961653,1.7425646173073686
8148,1.7335649055239015,4.902725015916392,2.7648785396819187,1.9262863962198664
8149,1.6086266805076648,5.3250656097494575,3.01160938552028,2.0895621806622926
8150,1.8056136535109455,5.72706453967578,3.2539787757341454,2.3027228125664205
8151,2.1547878349983263,6.091204607034156,3.4819589542206386,2.5541940475685654
8152,2.3823921520930487,6.396577458079138,3.692763337677562,2.8103907354426707
8153,2.471467574965235,6.642498327111775,3.9005654559510643,3.0363603261277516
8154,2.488587128712577,6.842062828835092,4.1252400024292335,3.2055275526827844
8155,2.6152639392043526,7.007107222321333,4.3764433704074275,3.3757923358392743
8156,3.020563514608718,7.153876816477708,4.651390339713089,3.6130129028513442
8157,3.4594294180676806,7.311687431195833,4.9309242721486175,3.854118531967414
8158,3.6170653815901126,7.4936643838219075,5.185631645014875,4.010325386039089
8159,3.6488007619827267,7.711861066854241,5.385847117536532,4.099400555287342
8160,3.802967712997147,7.945586301276434,5.511189966384465,4.1626964001951
8161,4.0156969313682795,8.141733227748253,5.559299939483456,4.188065741691561
8162,4.158973440749827,8.28207985110377,5.546108959832786,4.16119510083035
8163,4.156781506164557,8.398509240749,5.5061031663530855,4.088215787139226
8164,3.9620694703958086,8.498307642974748,5.476159212251736,3.9779029977207787
8165,3.7536541150422993,8.569177645054024,5.476374332832489,3.8624139851284154
8166,3.7334179580927254,8.589577174243374,5.508725887178274,3.7687534689691504
8167,3.7059826010692265,8.56720745997604,5.5552255263880514,3.6500027192386906
8168,3.4227384080780614,8.519753743429419,5.588800012793335,3.4538252059209436
8169,3.053024012345422,8.455617467189738,5.586238582845811,3.216713230293398
8170,2.841079031933889,8.380990803157,5.5356349710704205,2.997765075889998
8171,2.780506907835046,8.306379845111158,5.4512638261322754,2.8214907980010073
8172,2.793986832066835,8.23695211811063,5.354166889899792,2.6938627579465604
8173,2.757623675025429,8.155157335651895,5.2449954611907925,2.5745810381312078
8174,2.5607148442781824,8.04714142820228,5.114957983498832,2.41701707533023
8175,2.386094202454357,7.938373240648561,4.949147126546209,2.2595025775102777
8176,2.4567482104644354,7.861347844861481,4.736097918287785,2.157315294201783
8177,2.605090888751014,7.83194116533194,4.495335564298221,2.085780561621833
8178,2.5930522825643485,7.846438473941816,4.254996529701964,2.0045598165682734
8179,2.487340634148408,7.850164400191355,4.0155091915178085,1.9199986616064506
8180,2.419690175685562,7.7977958332232005,3.771095085405058,1.8454613595156917
8181,2.4283170274111097,7.6706982848843985,3.5329621776902993,1.7861141587234917
8182,2.5218809407405667,7.5071762624706455,3.311153541096676,1.7436292327424587
8183,2.566301942814205,7.383483421413491,3.1067010136953135,1.686759061780355
8184,2.419455332093299,7.322698163260813,2.915132370072685,1.58458611908971
8185,2.2662885204482364,7.276573372624734,2.7119088998938485,1.4717862947216478
8186,2.3287583602821087,7.210948305819874,2.476175174203916,1.3967777953247051
8187,2.435468949562458,7.1333925993751786,2.23436164172852,1.3490160530567827
8188,2.352201058241023,7.056371268137879,2.022833799425672,1.3071318571283665
8189,2.125417203649222,6.963503892818309,1.8417877387001556,1.2883360396642518
8190,1.8796103642059454,6.815990162621879,1.6807266316579539,1.3098335748681997
8191,1.7438118893254366,6.599671328352628,1.5318653283983692,1.3736461552453911
8192,-4.938366624767893,-8.720167230792287,-4.5292559603206035,-2.836751543766694
8193,-4.641610396530233,-8.723300531268134,-4.702837722345067,-2.8757901778982013
8194,-4.629075188270549,-8.643350652918508,-4.848443072878006,-2.9319330406884485
8195,-4.747905168774168,-8.528789647042611,-4.99786808084811,-2.974364568719552
8196,-4.785389843391736,-8.449840105954681,-5.183389792771858,-2.9741518976161556
8197,-4.786761041213087,-8.461034112459867,-5.394579027544307,-2.9810595358878076
8198,-4.834746140412415,-8.59154997188648,-5.604067280532284,-3.0497853764946368
8199,-4.989850485456952,-8.821740899154088,-5.785152620732851,-3.23008932560048
8200,-5.287617575839835,-9.105858444115677,-5.915656157394418,-3.536586876972816
8201,-5.547779374731407,-9.40746345529525,-5.985788004852557,-3.8493128833248815
8202,-5.602602096552362,-9.699498794423025,-6.004770534537762,-4.048380684093474
8203,-5.667062388961617,-9.961704579715978,-6.014112945930969,-4.193233351150833
8204,-5.9724596839983946,-10.194951289497475,-6.051197030086152,-4.376482586272126
8205,-6.359664403111855,-10.43553263857002,-6.103227425302754,-4.583368963765785
8206,-6.622847321729749,-10.71906987597708,-6.140446310723479,-4.78118162079001
8207,-6.770018504168316,-11.044955559187217,-6.150477918001025,-4.959260253078388
8208,-6.86068774290822,-11.39311257881545,-6.125122596996049,-5.1064281503018165
8209,-7.019583520192231,-11.730362693430992,-6.055915535559209,-5.250155991403825
8210,-7.344557184480496,-12.026040778847317,-5.946706941321456,-5.416326054259459
8211,-7.625458204959659,-12.283422384809242,-5.8162853938743195,-5.540795996285219
8212,-7.651571774024836,-12.516832469413067,-5.690901925903595,-5.568435415938655
8213,-7.629789137162876,-12.726504524554006,-5.601219318981954,-5.573301579611369
8214,-7.805435154747983,-12.912239928371779,-5.570737503105119,-5.646176559574183
8215,-8.098480319129614,-13.070688897478698,-5.601477398905215,-5.793080669536848
8216,-8.369553950779602,-13.205951743958199,-5.681661758634691,-5.9988695556416625
8217,-8.555973000332516,-13.355769356299298,-5.795435680915266,-6.24361593277631
8218,-8.619761895667002,-13.553692274765249,-5.922359327425519,-6.502648993151622
8219,-8.689989329977521,-13.789953119471315,-6.041941735011156,-6.819501603534854
8220,-8.885415784480672,-14.030551879414523,-6.139133646702804,-7.217966833778725
8221,-8.954730297325238,-14.230072326190152,-6.199675472766631,-7.549697342425491
8222,-8.661421304668087,-14.341886639056545,-6.221432524579952,-7.67143006934554
8223,-8.260155610106569,-14.336223298928838,-6.234324454249082,-7.649125341983325
8224,-8.046095779651324,-14.207958042229201,-6.266143158822944,-7.585737761518161
8225,-7.955313496985136,-13.979470278402111,-6.309107669612554,-7.4828619469411635
8226,-7.844642876351375,-13.690466350172336,-6.342373933116899,-7.326553736793526
8227,-7.582794985823267,-13.388679684337802,-6.339771086832173,-7.07480904007719
8228,-7.092571191015334,-13.112262453659651,-6.28929810998306,-6.710331742977732
8229,-6.630739469625254,-12.865891615967634,-6.227895536412369,-6.404141271217553
8230,-6.457895605540476,-12.636897913113435,-6.204087842102289,-6.311446618619391
8231,-6.35040183559829,-12.421023800720842,-6.241845888504933,-6.311746436438048
8232,-6.032090886874128,-12.209649386398379,-6.343574662429496,-6.237467930406569
8233,-5.609401459252466,-11.973989924412239,-6.4771846814841,-6.076344723110032
8234,-5.24826096877547,-11.694396822615172,-6.601610319591516,-5.866591283958877
8235,-4.984724459395926,-11.389241322090275,-6.70623248915395,-5.677034986509132
8236,-4.820267492216252,-11.08855189089162,-6.793593153439954,-5.5847209866451735
8237,-4.622476669150641,-10.80753670336801,-6.861700273876176,-5.56133236780608
8238,-4.267927166631671,-10.5561071776728,-6.911544288279041,-5.554137196752134
8239,-3.956888532064876,-10.346757565134661,-6.952289315131932,-5.624800042196325
8240,-3.896763455250425,-10.179759116798627,-6.987840949003337,-5.819129495111303
8241,-3.8963757958453975,-10.03121299555889,-6.9953002027472415,-6.017473229538652
8242,-3.7363526950143484,-9.87498951434144,-6.9632088251434485,-6.096487119608904
8243,-3.514113859555398,-9.6992274095491,-6.8889400895432935,-6.0790609603087296
8244,-3.369788054752599,-9.503047629520802,-6.7990374869502865,-6.020102181826402
8245,-3.3516796598213716,-9.304236615422775,-6.701152229969747,-5.941700401289538
8246,-3.459340881108527,-9.117397409454808,-6.561349600625276,-5.855490995547085
8247,-3.4848677115495774,-8.926264481879741,-6.387036531576809,-5.707016258018442
8248,-3.24865607802623,-8.706029358069406,-6.192245638002188,-5.4517561325469766
8249,-3.003628416652131,-8.435237701656558,-6.003396497111285,-5.194654624905576
8250,-3.0332505798743563,-8.108219841038215,-5.848328724566538,-5.047166912411645
8251,-3.1972021225587084,-7.7632532439390545,-5.7308166691195765,-4.967552450843116
8252,-3.2570347159504673,-7.460355342509643,-5.659618044495978,-4.836735563263144
8253,-3.3173647834441864,-7.205432867768806,-5.66424874671643,-4.654993237191453
8254,-3.460916679856314,-6.999715864547134,-5.7419502120029415,-4.410358445712915
8255,-3.768144121595277,-6.853418076148301,-5.868237352082775,-4.2105896302401105
8256,-4.251107578900043,-6.765334630710183,-6.005029229032466,-4.171668089904538
8257,-4.543306155416775,-6.703442698949696,-6.146634987844689,-4.170296332189497
8258,-4.3132165242696905,-6.627171939146479,-6.297629270874431,-4.053611970812614
8259,-3.8786840574537584,-6.497738119896193,-6.447800152213214,-3.9208937947364166
8260,-3.7976445694014074,-6.069946651044455,-6.49723261702035,-3.936661297636717
8261,-3.8364715928383415,-5.610496301443937,-6.54627484036803,-4.002619154466745
8262,-3.7927226317743106,-5.163566995390706,-6.591949159900779,-4.027054757175489
8263,-3.6600866736970676,-4.739312062555869,-6.621884939050221,-4.002894704448521
8264,-3.4865860809043494,-4.338954468028994,-6.621570863159583,-3.9488109442454835
8265,-3.4110031563865,-3.980090459822167,-6.585958601938201,-3.9225169779684017
8266,-3.562639580333365,-3.6765369991637544,-6.5158063985016454,-3.972629288891747
8267,-3.733419557399962,-3.4284383233211106,-6.413944189028253,-3.9993056642986122
8268,-3.667904148881575,-3.2294047176506604,-6.286375557058897,-3.878830780289064
8269,-3.518300234401536,-3.0658358333306497,-6.1369822266625675,-3.652233892037563
8270,-3.5172158495805315,-2.9188007091511836,-5.9679761734976315,-3.4021368598404655
8271,-3.618294430663642,-2.7766160284035477,-5.795363762072778,-3.126484912544479
8272,-3.71310687333619,-2.627119261508851,-5.630829263116226,-2.8114258634187803
8273,-3.743839913331981,-2.4414185209508736,-5.440607068214616,-2.449134767120026
8274,-3.6724056221863153,-2.201772633335787,-5.20590593025723,-2.04249933976631
8275,-3.6347135962488886,-1.9190936403637096,-4.934715605474402,-1.6870544321944323
8276,-3.7840220210201894,-1.6268778297591913,-4.685294137826672,-1.483444253380136
8277,-3.9431992898123545,-1.4105519260191162,-4.510046706544881,-1.381629217679491
8278,-3.8959704614918493,-1.3383415159037477,-4.404362567916109,-1.2939990733211817
8279,-3.803656561843925,-1.3467050795652233,-4.34583381733665,-1.2456157441048665
8280,-3.884277804982594,-1.3346277077823618,-4.294800689494733,-1.2716709444141392
8281,-4.0913189816466815,-1.2759036460647752,-4.23723033504902,-1.3268233388072774
8282,-4.308554841811695,-1.1787833926928257,-4.178270790009035,-1.3534072664423316
8283,-4.39702480925513,-1.0725774878690595,-4.133486000669404,-1.2968569875537075
8284,-4.254495820699679,-0.9944675018600715,-4.121417903957643,-1.1284521389193982
8285,-4.120524141242852,-0.9426161034127025,-4.148479644641566,-0.941349881838792
8286,-4.266876579472867,-0.890239283947673,-4.2091647168705935,-0.8495331469631758
8287,-4.468870718385776,-0.7998822700965872,-4.280756380679414,-0.8197932414491574
8288,-4.408248615103651,-0.6407043834260134,-4.340860087322487,-0.7838976079579973
8289,-4.149342011179045,-0.4266067661960433,-4.401359451613837,-0.7719726843872156
8290,-3.8569922487213266,-0.18899336773078843,-4.482289345950216,-0.8243692524991597
8291,-3.6158875524122456,0.05533072366051839,-4.5769022866331595,-0.9394579410519588
8292,-3.487406899289047,0.3029336959876718,-4.670603271907913,-1.0965351120771367
8293,-3.356203407043703,0.5805580975388533,-4.7556119611486585,-1.2124816332488668
8294,-3.0750402308130385,0.9173014178694685,-4.827297927620682,-1.2072387681341668
8295,-2.824172238484553,1.3047468234732424,-4.885526477123635,-1.1361257903207989
8296,-2.814882795378873,1.7131866206331314,-4.934906344825474,-1.0884752941321396
8297,-2.8543537174191096,2.0933220338848977,-4.990380736406859,-1.0471807210726853
8298,-2.689353545775286,2.4058336115420476,-5.057782765180317,-0.9745393565460071
8299,-2.369530034335356,2.676215076349002,-5.104752606397747,-0.8900371894401863
8300,-2.02223617926956,2.952121958299719,-5.090731036645909,-0.816530044185735
8301,-1.7494711250395123,3.257599689350074,-4.995856763482452,-0.7750233306373232
8302,-1.6252547135547943,3.5948457976012533,-4.821083106500087,-0.7766329316570735
8303,-1.4610448844029882,3.9184177805784346,-4.6063433915727465,-0.7417753786887756
8304,-1.0505692027787394,4.172109311679721,-4.401569694778593,-0.5950858635760219
8305,-0.6502330076160967,4.357697777412258,-4.214762845662879,-0.4335778673171472
8306,-0.5791466325461421,4.501060092515628,-4.03662174933674,-0.37942629200975286
8307,-0.6985042428518118,4.605853915469888,-3.873819837406451,-0.4016364051354913
8308,-0.7685893855280687,4.676589899967074,-3.729495434052283,-0.42421267684357516
8309,-0.7451869750442537,4.73817071733846,-3.5892105592641377,-0.39428624437187954
8310,-0.6524263851042555,4.804143478633043,-3.439135245556807,-0.2826422511936554
8311,-0.6714856337433186,4.854320185245206,-3.2749736784282466,-0.1723556988415289
8312,-0.9838642693807906,4.853254977848948,-3.0978269756553285,-0.17121725771947427
8313,-1.3616741970342423,4.75428051193027,-2.925173656544416,-0.2429858375070401
8314,-1.5037928474340077,4.529074020632571,-2.7700829987046953,-0.31453428873951605
8315,-1.5306491449638129,4.213295697909208,-2.601842967147249,-0.41747079583594715
8316,-1.6514434227465524,3.8736591506025104,-2.383780905535877,-0.5867455138679664
8317,-1.8316513991985577,3.571830755261832,-2.119650990543463,-0.7772773818612009
8318,-1.9890121414791988,3.3521136380970344,-1.8328631910018212,-0.930326311320404
8319,-2.051027274389201,3.2122014449587355,-1.5505336240352887,-0.982612391392086
8320,-8.72004483749543,-12.333166252832783,-7.124244262484207,-7.516994886356331
8321,-8.618259434035012,-12.794161827799893,-7.356742013411242,-7.579754661409939
8322,-8.84100906572481,-13.297225149142017,-7.593139143620227,-7.634405991008609
8323,-9.183492594086314,-13.85144844468235,-7.834658868430774,-7.639500670358849
8324,-9.384166378743156,-14.437746623467197,-8.091364864372926,-7.567942216417226
8325,-9.536625185922231,-15.004908903583209,-8.379348475806369,-7.5041532348362665
8326,-9.781815262793915,-15.49724562374816,-8.70795202247592,-7.5409799496889915
8327,-10.14716093139015,-15.887971948694776,-9.077961444968633,-7.7117101223950115
8328,-10.619660254392862,-16.17982825376571,-9.478865246337234,-8.012579759453299
8329,-11.02138744803882,-16.41580174053595,-9.883309380729777,-8.371314530692189
8330,-11.184657015462916,-16.643046405405315,-10.260587478056921,-8.705738876945075
8331,-11.294029629101086,-16.864110736721866,-10.589001595403515,-9.040954575150943
8332,-11.551245341249254,-17.058713831022235,-10.85885132250958,-9.407618713623236
8333,-11.765421115105545,-17.204379181738936,-11.080005192361687,-9.711934839188478
8334,-11.716095031547214,-17.274161868189996,-11.271522048136923,-9.862785407438672
8335,-11.472610826587621,-17.247026814284666,-11.443569359371212,-9.881039648326944
8336,-11.1547519099481,-17.113767749746653,-11.60526700321737,-9.81593068071621
8337,-10.841570787026004,-16.873103884527627,-11.775146643684886,-9.716128869793412
8338,-10.583319185285495,-16.53661030243633,-11.96440259453527,-9.613854354054785
8339,-10.208408919987642,-16.13770220117943,-12.162679557580955,-9.4390238716159
8340,-9.571379247036809,-15.71043811675493,-12.349983780253039,-9.123931986257857
8341,-8.973197845547347,-15.263584987919545,-12.506894049134331,-8.751244951143725
8342,-8.720273652175422,-14.797117997263234,-12.615083380516452,-8.422807163989626
8343,-8.632815835133487,-14.3229900470741,-12.660663407879989,-8.140197177086053
8344,-8.45249266032955,-13.850794849224872,-12.639274482243556,-7.876963754530889
8345,-8.1482656427292,-13.371121219044774,-12.557564374397394,-7.5926372116508025
8346,-7.7556880276773414,-12.880039167349201,-12.430173269881122,-7.2525230074569365
8347,-7.424611418415756,-12.40612272653721,-12.277087412686052,-6.919789691707229
8348,-7.292247098573207,-11.981511138201446,-12.11562155659891,-6.658068278116384
8349,-7.147433840535871,-11.61319937364606,-11.953846659762021,-6.387520615558664
8350,-6.76327550303558,-11.301715820147432,-11.790334733448926,-6.022099071713785
8351,-6.340587434253319,-11.049944263772314,-11.612013923158186,-5.608384022364245
8352,-6.110670047099751,-10.857653683874265,-11.405978311187091,-5.218729246698528
8353,-5.965538245665139,-10.734063579945257,-11.172129509758657,-4.881003898359223
8354,-5.749833267976706,-10.678837451384156,-10.919435231348393,-4.612849936936442
8355,-5.40228727147647,-10.64684094249695,-10.66461391103472,-4.391953105742653
8356,-4.91608656391765,-10.590081535308151,-10.423154832874031,-4.189043964656037
8357,-4.510313866682839,-10.508831091259712,-10.19839535000651,-4.075315984788741
8358,-4.386365878194962,-10.412395847997805,-9.984508911371776,-4.101973221358614
8359,-4.303188417006092,-10.282795736721472,-9.764611056469851,-4.118813854340389
8360,-3.9882681897090904,-10.104083012054975,-9.522027313278377,-3.973659021281393
8361,-3.6147188429769397,-9.876725817424122,-9.261209994659065,-3.7363107628374816
8362,-3.3972324970127166,-9.609559032188908,-8.988006108618537,-3.5031880281051655
8363,-3.275833375633189,-9.326599963609807,-8.688585721880935,-3.243415006866267
8364,-3.1346641955201524,-9.050156766718754,-8.348951946969903,-2.9020328466915686
8365,-2.819588951832167,-8.776922815212584,-7.962808133852906,-2.4006140886682
8366,-2.231550283927856,-8.49237494392566,-7.53818102045193,-1.7014281653074899
8367,-1.6347597940199003,-8.183869554802417,-7.116826452483285,-0.972228701476675
8368,-1.3064182100833945,-7.8401674890173645,-6.743534774475931,-0.39616986130595766
8369,-1.058230276864966,-7.456718267689438,-6.429866262238393,0.061532126573471485
8370,-0.638884062641552,-7.034889508130016,-6.168617140222944,0.49492739349140996
8371,-0.12395564424391611,-6.579884905386247,-5.946090754576706,0.9227411852724005
8372,0.3719024462165139,-6.0977114812117295,-5.740089132179217,1.3618941253787962
8373,0.8404184692993497,-5.586017951170421,-5.523224590063024,1.8373765178671337
8374,1.2958657880550013,-5.043421706496384,-5.275733307874935,2.358320690186983
8375,1.8960533047167285,-4.485652793353557,-4.999791947635935,2.9531192128114525
8376,2.7551848758736903,-3.925964406746448,-4.706587136901756,3.6317902350411715
8377,3.581468655826122,-3.3559438079495063,-4.3974336812547525,4.309336608314468
8378,4.076451301645935,-2.7636739038693037,-4.0774585559747445,4.900742016898909
8379,4.401076701455767,-2.1405208069035857,-3.7692864794605017,5.440172369814396
8380,4.827287815239955,-1.527681350317513,-3.516204442082271,5.962983071052478
8381,5.221765357113877,-1.0313841664277104,-3.3698336645007325,6.366343198029243
8382,5.463002548044532,-0.7601085081711213,-3.3335528162701813,6.555658573225886
8383,5.450622255822978,-0.6901405467506533,-3.3747402854953044,6.530424005344282
8384,5.158914875354837,-0.7274075545091392,-3.433877852620806,6.351663166821274
8385,4.915291288444242,-0.7806884890404733,-3.4894672551336527,6.182537705830505
8386,5.0291603584573,-0.7733899404661398,-3.542330248911849,6.158102353992338
8387,5.219741537982419,-0.6808767089976057,-3.594066597585114,6.160514657988916
8388,4.7065151927807625,-0.5400827345962581,-3.650664672040008,5.816182858799444
8389,4.097442411778255,-0.36998794881045965,-3.70699636480658,5.400347266191278
8390,3.6478428426230165,-0.21722747206523293,-3.7543070113115893,5.012958290436398
8391,3.338671778719209,-0.13231558098552326,-3.801175278701405,4.6721251245268975
8392,3.073016604303295,-0.14476436613137558,-3.8548968456255706,4.367541135823081
8393,2.722434020038516,-0.23892172507799295,-3.8920378325018867,4.04187093927785
8394,2.1725774558619415,-0.37517643393527317,-3.8869490281339383,3.629315050344461
8395,1.609774477186654,-0.5052220749857086,-3.839970831065673,3.185289222582925
8396,1.2601534213956391,-0.5958631427194357,-3.766176093053509,2.787961944580651
8397,0.9086754961541307,-0.6733070338875359,-3.695770738457007,2.372312776194069
8398,0.2843110558449301,-0.7810507510185366,-3.660119517771783,1.8620418566756753
8399,-0.4510573653571975,-0.9313640727188902,-3.6603358373220494,1.3231756972768298
8400,-1.0534207029478284,-1.112238329564051,-3.6844948760602545,0.8492631008180043
8401,-1.4901775742879504,-1.2678894883570941,-3.736204938892597,0.47549011624170456
8402,-1.8027471975846903,-1.3410773233048883,-3.8184546312314347,0.2069774495241317
8403,-2.1675351059973185,-1.3458722289981684,-3.9159443747516494,-0.02819167744133049
8404,-2.759472938533354,-1.3243946779883362,-4.014614523330261,-0.31418062920182666
8405,-3.3685763973285834,-1.3064719570639813,-4.118697114980215,-0.5876388284530364
8406,-3.720086652744099,-1.3081978771196014,-4.238370964133712,-0.7650852452835892
8407,-3.9643691142651254,-1.2958326077267466,-4.383164145845809,-0.9366224408456316
8408,-4.331468523243918,-1.2246627110931987,-4.557826177997093,-1.213032516651953
8409,-4.768269019124376,-1.1069064801564432,-4.747847408724196,-1.5644740662241894
8410,-5.158395207503459,-0.9732756546096157,-4.93164852267963,-1.9199645855224983
8411,-5.4189661910149365,-0.8386186724196228,-5.1025689468235855,-2.219019125584344
8412,-5.49039519006612,-0.7095098134038482,-5.257191870021423,-2.4145867849131495
8413,-5.523100085585747,-0.5626432966267854,-5.3815540825362955,-2.558839061685566
8414,-5.693798146021462,-0.37038818064602075,-5.464603046524806,-2.7281659673841676
8415,-5.83911274800952,-0.1569807570076048,-5.507075380252893,-2.876585572173365
8416,-5.749503970623552,0.0399657684615637,-5.518241377720242,-2.9445545747686093
8417,-5.552765207563265,0.222272595967754,-5.5191861143709,-2.984702001680379
8418,-5.446342442611306,0.393335518711106,-5.533145218980115,-3.075456356170499
8419,-5.4701723381785925,0.5306252807351819,-5.568006168021614,-3.274205948463346
8420,-5.614683902644168,0.6035294694233742,-5.623556385773973,-3.60940525997163
8421,-5.7671698002017795,0.563152610190674,-5.7037024208227205,-3.998535457233207
8422,-5.809000516345499,0.3757785384847977,-5.807580984230196,-4.330619641366819
8423,-5.935028301926645,0.08525423154796699,-5.921209548899698,-4.6276779127961944
8424,-6.361526378268207,-0.23914273081751458,-6.0284342509219595,-4.938025056805102
8425,-6.849663287870143,-0.5672891046672227,-6.119853655813731,-5.183626378271182
8426,-7.092550368177008,-0.8893467474161518,-6.192236809220345,-5.2884096410144865
8427,-7.163622888882784,-1.208375545327696,-6.2500954508888675,-5.3031011309491465
8428,-7.23314139419358,-1.5387611869602316,-6.301195385580897,-5.3129113411802145
8429,-7.38800561639405,-1.8874892638821896,-6.353342637614408,-5.397306428065284
8430,-7.674787772037086,-2.2497943463132737,-6.409644331232892,-5.6080454406163
8431,-7.911856462134703,-2.60984560863862,-6.455369105500247,-5.851019626589011
8432,-7.896620088859676,-2.943249538266331,-6.477232395835837,-6.008085764780465
8433,-7.855168923632274,-3.2190795937151027,-6.488840151738867,-6.155788224672659
8434,-8.076168361233034,-3.414284547879711,-6.512655759366932,-6.403190213686712
8435,-8.409573940196317,-3.535495090121873,-6.572464133496952,-6.693559816823685
8436,-8.621120544914447,-3.6046357347953406,-6.681599899046153,-6.934817150700212
8437,-8.71150449632184,-3.631403892063159,-6.804593069635995,-7.094593786558705
8438,-8.748193186141558,-3.6240357313565785,-6.9091108738975775,-7.16843319617629
8439,-8.889879110237972,-3.6132761842051653,-6.982061263498109,-7.221165903120448
8440,-9.274156110921401,-3.6161389235317514,-7.0546605079637486,-7.338063967088037
8441,-9.646145439964188,-3.5897458052856424,-7.145825791348329,-7.5023706334458575
8442,-9.6933030164707,-3.478330491886472,-7.232768901779425,-7.669045156320612
8443,-9.581310072535567,-3.2595258880944,-7.31283977298193,-7.883669036215018
8444,-9.56975916885404,-2.9389147593589784,-7.373418675535584,-8.18377484712596
8445,-9.577570586524399,-2.559219354797992,-7.39334224536285,-8.491271051254321
8446,-9.457034589981745,-2.176284307782526,-7.355531538504458,-8.704746226515182
8447,-9.15877041615528,-1.8243209162437088,-7.2499093155201395,-8.770613366791926
8448,-38.64771921796223,-5.761199551426475,-7.700806381622369,-34.75961313852375
8449,-38.576534689368444,-6.077936820645492,-7.946869387972049,-34.799494310391616
8450,-38.6522124313104,-6.389143749187786,-8.191227291899489,-34.840297640147796
8451,-38.67447348406827,-6.700466026233364,-8.431991702141673,-34.78400768988846
8452,-38.41660650545695,-7.021456442096746,-8.665001223453814,-34.53073209588445
8453,-38.036343118988526,-7.354259897705902,-8.892379946687582,-34.14824693468786
8454,-37.72594075732237,-7.700926870233011,-9.122145139818453,-33.73328856388456
8455,-37.451088355459476,-8.064552950881973,-9.371353214912016,-33.32477843211066
8456,-37.12494605349209,-8.454087555032217,-9.657532889011678,-32.933476562557814
8457,-36.60190444556889,-8.86759577265456,-9.984685995084575,-32.485455066197225
8458,-35.77693559536698,-9.310660654888267,-10.351251099211755,-31.908935433461334
8459,-34.87786384103917,-9.76628045822306,-10.745805623026964,-31.293773623921417
8460,-34.144501927340556,-10.192303599870122,-11.156457035255354,-30.73934863597715
8461,-33.388357575076384,-10.569621584382448,-11.560997454542738,-30.185321622827786
8462,-32.37940371008131,-10.918259405757157,-11.927598915209922,-29.54318174773717
8463,-31.2228743159687,-11.243052725956371,-12.253724495982635,-28.790052542276015
8464,-30.06520153405841,-11.551660766257449,-12.57208554309427,-27.924083168878727
8465,-28.93860790824723,-11.836628868997092,-12.907467420544796,-26.98338383504941
8466,-27.835518994204755,-12.087534122448643,-13.280321073356996,-26.014709344099476
8467,-26.571824683431934,-12.317721218807968,-13.692879847833066,-24.981822590359894
8468,-25.001142869672492,-12.542652912089206,-14.128599054905635,-23.844683336011627
8469,-23.42075008215286,-12.755855738789297,-14.551123048623253,-22.677196653927393
8470,-22.14099488625255,-12.95062090366913,-14.930569296676003,-21.547600722078588
8471,-20.97552598360946,-13.13422171982563,-15.261584093103851,-20.39011412191233
8472,-19.670681909017755,-13.318686846895979,-15.562371210921816,-19.129020614764816
8473,-18.251543576829256,-13.524322305451571,-15.850160260636732,-17.77753539959951
8474,-16.806159482963885,-13.766489045430156,-16.13534071384907,-16.376659469180392
8475,-15.477793573078143,-14.031968809948646,-16.41048917261085,-14.98427109267424
8476,-14.369179209184342,-14.304332867215823,-16.656196694467262,-13.646894143707529
8477,-13.226220718901994,-14.584314913591959,-16.85982527707179,-12.319312024783414
8478,-11.777532000296336,-14.878544077093098,-17.02425607808305,-10.932820477726644
8479,-10.204240754191026,-15.213012498602621,-17.15999965937426,-9.500313545633878
8480,-8.737942025494114,-15.591952554536611,-17.259057800828632,-8.037559095992407
8481,-7.268132025436374,-15.969016346886901,-17.293236323109504,-6.475379209758781
8482,-5.653792530101992,-16.27601422328355,-17.261340058180686,-4.766788069384302
8483,-3.8941513526435396,-16.4934622597157,-17.197579140332063,-2.9647018878291638
8484,-2.03585307579509,-16.65596923301186,-17.145159151529374,-1.1558464513720317
8485,-0.2875476327721653,-16.786899330912195,-17.129581263496927,0.5392417784129683
8486,1.1810752590012938,-16.874713803334316,-17.152659710667283,2.042248886764893
8487,2.627065451186095,-16.92204701270895,-17.201241576545858,3.4747685628843605
8488,4.334078498166386,-16.928932383237026,-17.252013363360756,4.980868018358291
8489,6.128318185570789,-16.910151189683447,-17.2910254717962,6.501524286142334
8490,7.782183244341908,-16.88995301390438,-17.3094433567824,7.94902732946782
8491,9.350847404212384,-16.899816989062437,-17.29663008403683,9.354356326692765
8492,10.937881603897958,-16.957228616173882,-17.248754429256515,10.767516433162236
8493,12.649603138779415,-17.036690724510137,-17.17220897455785,12.24052770986233
8494,14.547855243230144,-17.0976448566077,-17.07852238620362,13.806066998555252
8495,16.38545543535379,-17.114956248400716,-16.98164136473256,15.37135438519955
8496,17.92086025198058,-17.074396626536814,-16.8914710973712,16.83898501744402
8497,19.379365372850266,-16.973338021642547,-16.79840267802132,18.273911678227446
8498,21.03045401735391,-16.825193681369953,-16.685259714226973,19.762017753839487
8499,22.754474387006223,-16.655899502919365,-16.525923376379833,21.278835750547216
8500,24.376296265933323,-16.49357727653165,-16.290232508620818,22.778241595438704
8501,25.874045341810746,-16.362789123585028,-15.97750854466349,24.226869587226016
8502,27.27021971832552,-16.275417113167688,-15.632113572429379,25.600214976039876
8503,28.716170708218115,-16.217036706861666,-15.308591457297593,26.94882556524822
8504,30.3493523059003,-16.166073524516378,-15.010660333089387,28.32754348029439
8505,31.975545834463567,-16.115633666527373,-14.69420496624064,29.665918578775198
8506,33.38393800127199,-16.063501518500136,-14.326741038071992,30.89984253272456
8507,34.750757141567824,-16.008517536561545,-13.90199124767677,32.12424715301345
8508,36.31283100776587,-15.957749559862876,-13.459927728333426,33.44961573659354
8509,37.817304618611054,-15.89839579983742,-13.0834316444397,34.79558099744076
8510,39.04751185029702,-15.821218343830525,-12.816851258355182,36.07124891498832
8511,39.977896095959764,-15.749060013568762,-12.651410946835657,37.196898384948874
8512,40.70505564621002,-15.680236450665229,-12.575852141793131,38.15100326979651
8513,41.60957431331694,-15.594247350545222,-12.569750663141658,39.104538066411884
8514,42.99776365120763,-15.4443786056466,-12.568093898046802,40.217508153373764
8515,44.48131262610626,-15.200038130868535,-12.473029148489145,41.36862448916259
8516,45.272624038146525,-14.790416465827159,-12.124908104867295,42.03777651117664
8517,45.81466074714335,-14.36263583194651,-11.690195301577635,42.64227936547289
8518,46.365835873225905,-13.915977915461543,-11.143650344609842,43.22903996566209
8519,46.85835049990415,-13.459284671215105,-10.520945772194555,43.70544112920874
8520,47.13777130194958,-13.009852854741622,-9.918581202133394,43.949572053689124
8521,47.03330480150806,-12.596341229037455,-9.383653644088735,43.88436040092252
8522,46.410633753985714,-12.240788872951638,-8.885559836215526,43.480922255770146
8523,45.47264650922624,-11.93830862842802,-8.379351647393396,42.85756634259856
8524,44.49453321198855,-11.665775778147193,-7.840543331012024,42.152704373313064
8525,43.36894689947138,-11.387562134215816,-7.269359419631543,41.295436609160326
8526,41.91016437256096,-11.07872958150359,-6.69442600848018,40.166596269939085
8527,40.21134430672104,-10.701825425540777,-6.142362153683332,38.79718321928378
8528,38.409243395855796,-10.259863093515623,-5.633793779070274,37.257543776803985
8529,36.52430370703594,-9.796264412792482,-5.182238310203305,35.588008357089606
8530,34.55438496266857,-9.322940717741423,-4.783370775307999,33.82746860427259
8531,32.41215885117803,-8.829753383361574,-4.396101298299398,31.962945122835762
8532,30.021135978186543,-8.294317973942828,-3.9834510962158536,29.974115854067904
8533,27.604815935479426,-7.724657395964225,-3.538437713170535,27.951049252180592
8534,25.411075402900014,-7.13794046022172,-3.086939533171813,25.994127599070534
8535,23.272583683305317,-6.537840653630469,-2.653037214248711,24.067555279784052
8536,20.95668457702046,-5.925084118062238,-2.2399100084615124,22.109913760863986
8537,18.562481980932095,-5.301204257752752,-1.8373123666251685,20.153337895764878
8538,16.26960520417629,-4.665760665453936,-1.436078298859925,18.247198390713102
8539,14.203029597039789,-4.018069791167655,-1.0287774164897032,16.42181251418828
8540,12.437246627093478,-3.360606788858347,-0.6065189037381079,14.697282189420593
8541,10.764632199642984,-2.704822375919559,-0.17325944863856094,13.009365111225543
8542,8.94415785482057,-2.0657062351410675,0.25270731404472235,11.296591033459245
8543,7.188204297754831,-1.451744858083286,0.663099206687531,9.682454336646016
8544,5.782193398569868,-0.8760191904065668,1.0706490473706842,8.307264250351631
8545,4.586857350740787,-0.3597554228764528,1.4938848229687813,7.1007132681887875
8546,3.378141065860295,0.07104584730480823,1.9348260157182857,5.942017784261962
8547,2.132032461894974,0.3688081855711402,2.3757214464756475,4.804470909620342
8548,0.8844962126365457,0.515876302990418,2.7902442349820924,3.6990321150401604
8549,-0.21376733088510783,0.5398491277415155,3.1616959530644637,2.702828339797329
8550,-1.0126274297232163,0.5250050837923051,3.4856507715306337,1.9011786132288229
8551,-1.7236417416680072,0.5673030266134356,3.761979250783057,1.2285827526739688
8552,-2.60652709048433,0.7080442383218093,3.9878120755006514,0.583403527434503
8553,-3.4670901221620007,0.9316199130486976,4.171101649358448,0.0032896198264867893
8554,-4.036203183034266,1.1856544216623393,4.321855457203977,-0.45515972494444323
8555,-4.403879445130556,1.437340232464769,4.450637861968813,-0.8374025714935046
8556,-4.737303071842897,1.6705457082252573,4.567901384190417,-1.2056239535353177
8557,-5.094647820026169,1.8962432190009761,4.681361828570957,-1.599689121640509
8558,-5.498904867898976,2.1361203231693517,4.796632875025849,-2.0391329449607056
8559,-5.805007241332837,2.381834716885088,4.917970641226571,-2.453030470228658
8560,-5.859812483821214,2.6140919304815973,5.048521101134641,-2.759614201182267
8561,-5.893453298681905,2.8312723845993006,5.191960890419269,-3.015479666284949
8562,-6.181064616484159,3.0339315704742096,5.345615208420379,-3.3049565114191926
8563,-6.545483031128249,3.208443764102914,5.512954388043365,-3.5977650676595405
8564,-6.7263099706114655,3.352662343506008,5.682589579982665,-3.8410508369922116
8565,-6.767011096814927,3.467319803720631,5.8256816792925274,-4.03159572328495
8566,-6.784769263305751,3.581004362623126,5.9225753858055645,-4.177869399609287
8567,-6.873196911486295,3.691685500947077,5.970438714881549,-4.3214573488937456
8568,-7.099479079736555,3.79129774103086,5.977136759323361,-4.50461631312193
8569,-7.28069197002754,3.873685461840922,5.950633838573494,-4.658347737944307
8570,-7.202471591263191,3.9332478119743164,5.897082863743818,-4.707354351936091
8571,-7.045351550030844,3.9748543457861545,5.81342230551695,-4.747043670533522
8572,-7.0518862762550585,4.008588174263567,5.693752931833664,-4.891833347725813
8573,-7.087728200561203,4.038239477639547,5.538198492434534,-5.092663577015057
8574,-6.95575025261751,4.068061406848837,5.35355204508431,-5.258951693136166
8575,-6.671383554062434,4.1040375112332965,5.157789054708476,-5.34677453184856
8576,-11.139370871076386,-13.763040462957685,-10.627604309436094,-8.226045294819906
8577,-11.179868680521272,-14.049580671185735,-10.91629831604981,-8.337757379912585
8578,-11.399347018061748,-14.290033642373563,-11.216443693706271,-8.526078489457932
8579,-11.58325601098373,-14.506938513484736,-11.539514204212665,-8.72123283551309
8580,-11.490097701123013,-14.721334992211215,-11.890275403060805,-8.830432412726163
8581,-11.330944806165162,-14.950482792956793,-12.274561321089209,-8.909528825878573
8582,-11.362859399749286,-15.204669331292429,-12.69061830011905,-9.03431363402847
8583,-11.59568208045541,-15.488710723130357,-13.130264510610385,-9.243592347862151
8584,-11.966334874384588,-15.796866013661397,-13.577638721146275,-9.55055493392487
8585,-12.314602672128773,-16.10786894354655,-14.001073250414674,-9.874823801626006
8586,-12.48969168853561,-16.39671509396721,-14.370772194616663,-10.128536548099722
8587,-12.664160215520708,-16.64249538149335,-14.679902006074519,-10.35252396351767
8588,-13.02326737336372,-16.83571720079783,-14.932482817700095,-10.607837248608877
8589,-13.32188404397742,-16.989795254884527,-15.132928452349889,-10.86330834496701
8590,-13.305986616452572,-17.124684514669493,-15.291639626832673,-11.077794984327246
8591,-13.139097696519029,-17.253496096037257,-15.420426464855247,-11.25064666129681
8592,-13.039304114123802,-17.381921354215773,-15.535155583498355,-11.387680506549128
8593,-13.04336801265411,-17.489799760771096,-15.667432542184835,-11.512300754582542
8594,-13.129766701946478,-17.56839148914346,-15.84169747434086,-11.648015734948126
8595,-13.121064160227252,-17.62674238679303,-16.050523190091393,-11.751156632087701
8596,-12.876499459640472,-17.698713314314734,-16.271074707770957,-11.782187884263024
8597,-12.696569544520374,-17.785484507496097,-16.48004923397438,-11.826632858693976
8598,-12.893746373457178,-17.84666385991161,-16.6549171701689,-11.961590822477275
8599,-13.273477379558203,-17.867258097506532,-16.77891244629866,-12.091126977878256
8600,-13.563246305484627,-17.892040150494562,-16.84841499613864,-12.112609871014513
8601,-13.764560984384588,-17.97992723793616,-16.876706269551573,-12.068232879013982
8602,-13.937869759758144,-18.138786927602695,-16.883617321653418,-12.030025752700416
8603,-14.189297010634284,-18.330381684852053,-16.887506900046596,-12.053164013000337
8604,-14.60198167914246,-18.518869183143234,-16.89760632913044,-12.160043479082411
8605,-14.944112930954518,-18.67165922454205,-16.90221514442328,-12.236366284274988
8606,-14.98502624321646,-18.77427176992444,-16.882155625495283,-12.161482510401523
8607,-14.95317365197729,-18.831351780996627,-16.827239707131977,-11.99671258987089
8608,-15.105618783297157,-18.848977212096127,-16.732149749113457,-11.83673076715114
8609,-15.295558322988105,-18.863181597377224,-16.59578577734233,-11.659128060013183
8610,-15.31875008813411,-18.866642590326848,-16.42206355132793,-11.431179118468503
8611,-15.123606127952467,-18.807116447719377,-16.21184356862024,-11.17149824622005
8612,-14.722531993670323,-18.630064840257955,-15.96630067381612,-10.899604306559075
8613,-14.315913457737732,-18.345038034418227,-15.70090815917148,-10.647000322221892
8614,-14.097695102792706,-17.987761669092166,-15.422291529885895,-10.428354239404232
8615,-13.863961543911088,-17.58503588049832,-15.100238254521532,-10.161069495286142
8616,-13.388610918006862,-17.16605744105832,-14.704319732883915,-9.76186020330039
8617,-12.893568834845729,-16.7607857089427,-14.232024722465123,-9.273233984040646
8618,-12.624277062021076,-16.38337385367269,-13.703270799936424,-8.760592072671525
8619,-12.47348505454032,-16.02831617911512,-13.17211046534035,-8.213616814544379
8620,-12.273424552241535,-15.675422291832694,-12.692385270684362,-7.6228723804326535
8621,-11.917149791945564,-15.288015274871283,-12.26864545942268,-7.007070512735833
8622,-11.351658689615169,-14.83656638763866,-11.882541608209275,-6.396867634299798
8623,-10.800950207251164,-14.325319709079672,-11.522751741687955,-5.898206900450808
8624,-10.47927514752963,-13.77515843447381,-11.171525245900249,-5.583888118889322
8625,-10.119198877460727,-13.210977369038778,-10.799332926802103,-5.314960812789452
8626,-9.431388163295875,-12.652883703369378,-10.386702615114038,-4.944132306117355
8627,-8.608093172058611,-12.096634630815783,-9.935831468373216,-4.5333077730215745
8628,-7.91178403681293,-11.528901015726724,-9.464396787676364,-4.1939948235706215
8629,-7.37840707580065,-10.949489910395334,-9.004899408084691,-3.985585897359535
8630,-6.977827170281553,-10.363289564750488,-8.584555295428341,-3.9295543162855995
8631,-6.560273543430185,-9.768747156015685,-8.20601623822275,-3.9336489650058697
8632,-5.9832734730132495,-9.177222511857622,-7.85134815682577,-3.8793727387172985
8633,-5.452362312734434,-8.593805864870212,-7.475189140788597,-3.7753078374949913
8634,-5.176595543048565,-8.037428838590396,-7.034111578562454,-3.65191069263524
8635,-4.913025244066988,-7.499798145790285,-6.5338668826023225,-3.441759101344316
8636,-4.351329605362814,-6.965012216103072,-6.023978230552041,-3.0716260403270543
8637,-3.756788732848011,-6.48310698971345,-5.556685281835109,-2.6480733355666106
8638,-3.3861579032568363,-6.075741828164532,-5.1539520894698425,-2.2699872324834485
8639,-3.323609704586235,-5.744103208158666,-4.8345676807441205,-2.023395472877094
8640,-3.521986937724344,-5.510908288759367,-4.581458551752553,-1.9408841509159438
8641,-3.6149592953181027,-5.369867776802452,-4.363021654476872,-1.8678407740134793
8642,-3.262832638209157,-5.25060916913734,-4.143105417895188,-1.627697268913493
8643,-2.738303777891732,-5.095744093070286,-3.881521064165671,-1.2636914382613995
8644,-2.5815567697544894,-4.813417536324764,-3.5733851955911358,-1.125933511560418
8645,-2.453262885445978,-4.505837030317749,-3.250061225129112,-0.8790452600577792
8646,-2.0990267956677395,-4.235064886941078,-2.9654557473932877,-0.47240727825807366
8647,-1.607867617421067,-4.029654708530598,-2.733189577607089,0.02660723854547606
8648,-1.1433757188896774,-3.8896645747096383,-2.539344856962547,0.518871703214195
8649,-0.795615928873999,-3.7943491117290558,-2.3573013364784106,0.9004381367569452
8650,-0.6084321743095099,-3.7059143277197037,-2.1567952933433805,1.1051658158792157
8651,-0.3684814174624555,-3.5818187219233466,-1.9234072022682662,1.2493496545204863
8652,0.1535283157299004,-3.395688513704813,-1.66331643517813,1.4769038938038574
8653,0.7157534725420567,-3.156679206855064,-1.4045016925644032,1.7109303123821271
8654,0.9971516791320886,-2.896817533359889,-1.1831317555672942,1.8207806252304073
8655,1.1260759309631214,-2.6620926604211075,-1.0283712895167074,1.8111226724567053
8656,1.3230053620750677,-2.4801713581763916,-0.9517907369604396,1.726422320821395
8657,1.5777612455781018,-2.3621169312161987,-0.9309585406493115,1.5991427815494157
8658,1.8275995257131015,-2.275741441788716,-0.9301315936799396,1.474291893607949
8659,1.9522158186806673,-2.1602451240684193,-0.9239322251301726,1.3711226568619632
8660,1.8439389482716768,-1.9933385639390626,-0.8982043472398478,1.289900764859468
8661,1.7265982872364556,-1.8045009694414615,-0.8686645572257963,1.2744314138121309
8662,1.857746627961824,-1.6145110197142878,-0.854260225167962,1.3506676900964456
8663,2.0187798543739155,-1.4224004534732169,-0.8233490014412197,1.4175602229237227
8664,1.9184609555023313,-1.2163111833504374,-0.736034596579353,1.3688670098896598
8665,1.6801221701138138,-1.003374169444772,-0.6022186500998954,1.244039949968008
8666,1.5176061028050936,-0.7950968017401914,-0.44741914902797936,1.1293950556955699
8667,1.496594973576455,-0.5986526457194415,-0.27722391473210545,1.0792245336504032
8668,1.6245004402047478,-0.42027844749616744,-0.10046981852359856,1.1219915537261842
8669,1.7267643285685033,-0.2628334997342485,0.05742913080906916,1.1972660217874531
8670,1.6096379780460304,-0.12532060252067012,0.17386211817596742,1.219013186050764
8671,1.4587647491325777,-0.004532578979283948,0.23136167340433378,1.2102838203740576
8672,1.5201457668500473,0.1010648635595085,0.2291512653689213,1.218677584565187
8673,1.6363070721408417,0.18892679121010258,0.21223221289145444,1.1989442726871806
8674,1.5800518229135552,0.25198841360717567,0.23042629160009806,1.1010950643259156
8675,1.3836002963159162,0.27454033801501804,0.29148677957302654,0.9526081400669575
8676,1.1429507130019052,0.24465257764338555,0.3760688835949949,0.7960922619602029
8677,0.970559868131879,0.16991517734241174,0.43650322403269715,0.6620598780449531
8678,0.9579716687700799,0.06938647652549693,0.4290490938583062,0.567469538102924
8679,0.9043859991453445,-0.033815143295364836,0.368274477407016,0.45287618312010336
8680,0.5863027337839534,-0.11932905099434013,0.297480531168813,0.25629492270209364
8681,0.24117480573606276,-0.17905188551966233,0.2606015970514957,0.05230840578307705
8682,0.17548155051301564,-0.21661562549324645,0.2876274491090271,-0.062131233472898895
8683,0.2871564642135982,-0.24970291600740946,0.3549493789307364,-0.11568975621931335
8684,0.37262967246051987,-0.2954659597288865,0.41400865405190834,-0.1700424121216455
8685,0.34408810405404866,-0.3473738783839393,0.4409343333068159,-0.24070845793667278
8686,0.16620925932308145,-0.3879393285544865,0.42365001481241626,-0.334218338907216
8687,0.0168055477578736,-0.40470670987277346,0.34709924169971806,-0.433028599596443
8688,0.10637061533741174,-0.38620003767393013,0.21244582455815877,-0.5105063512114097
8689,0.24731888233656765,-0.3263198979095665,0.05163593550627521,-0.614721881715617
8690,0.19597221277217128,-0.22453863476513014,-0.09756928983999057,-0.7887378455176428
8691,0.1569184292994067,-0.07339784442613241,-0.21592914458274076,-0.9354390464238684
8692,0.38997341728974544,0.12570739168913303,-0.3007001677390257,-0.9483315474949916
8693,0.8076444854364047,0.33849550907156606,-0.3663269580072532,-0.8513297320508953
8694,1.2275582277803028,0.5222990560721016,-0.43704191692366223,-0.7210077279953033
8695,1.47593366332356,0.6537728343464531,-0.5363100068441029,-0.6698666434478652
8696,1.4232193458318136,0.7228076511729388,-0.6761690691103781,-0.7894516430369692
8697,1.276962403178044,0.7308405439587315,-0.8400712404610837,-0.9801800530905698
8698,1.302706947324805,0.6913277997222431,-0.9990347071179501,-1.1011739290123648
8699,1.298839694725915,0.6220815483194866,-1.1376529037769652,-1.2145454479549112
8700,0.998296825272684,0.5428308372841391,-1.2454442174424034,-1.4188674227747553
8701,0.5817677707113446,0.4727810303251733,-1.3094187863895494,-1.6677626402539163
8702,0.3140733902624626,0.4267671419259735,-1.3231865292949425,-1.8842577640770248
8703,0.2367683199057172,0.4158928250277899,-1.2869417980064703,-2.018266453652255
8704,-9.030274261586865,-12.833129717852236,-15.52666143078569,-9.707959971765234
8705,-9.220690909240751,-13.13699085168662,-15.932857176714153,-9.69834158110153
8706,-9.663470036438754,-13.45783082612024,-16.337502982858965,-9.786627963833894
8707,-10.106758620103111,-13.79509046267773,-16.738518276450854,-9.922344844277065
8708,-10.27972419184298,-14.143691188535968,-17.129457674481728,-10.021777839933108
8709,-10.389753515456409,-14.527685094306324,-17.48990271396413,-10.121415118142828
8710,-10.687059563923741,-14.967821939971566,-17.80276390955853,-10.26881613432544
8711,-11.102424525333715,-15.460442174135144,-18.07926814918506,-10.476245255460753
8712,-11.506938378448499,-15.983453078304269,-18.33236109323243,-10.735927214043157
8713,-11.781169244549211,-16.492863395039304,-18.57652727045916,-10.96204407236108
8714,-11.848748907209947,-16.940573525297243,-18.803826836823557,-11.069047198409033
8715,-11.940677726663685,-17.292392115549653,-18.996484763442012,-11.105775709000937
8716,-12.281093670275139,-17.538668128332294,-19.139626382759193,-11.14193701421247
8717,-12.607633679328442,-17.708616825764125,-19.250719318773104,-11.12578293816737
8718,-12.62770944680303,-17.84443665053011,-19.35230263765929,-11.010233849545347
8719,-12.496241834878624,-17.97775600270078,-19.47222224817153,-10.873832012865414
8720,-12.438875424938495,-18.12263198949432,-19.612007740463543,-10.800289688182886
8721,-12.502408985815993,-18.254393933414843,-19.748078632652454,-10.793750212272585
8722,-12.681455973967179,-18.34427452952917,-19.85695811908199,-10.831071437750113
8723,-12.828929624414721,-18.400835056458586,-19.936781290256867,-10.854474286129504
8724,-12.806511956379824,-18.443655185922474,-20.008136619515252,-10.815240385537518
8725,-12.842744558582094,-18.49947062879388,-20.075654356874345,-10.78068172772145
8726,-13.164330442375672,-18.580048515077536,-20.133501472203495,-10.821457331789572
8727,-13.522060341771159,-18.626258711384672,-20.146143771258632,-10.871643934087261
8728,-13.62744825994041,-18.592954579227317,-20.07715995850793,-10.847677947689174
8729,-13.552885904518838,-18.481185549278777,-19.926228303521313,-10.742503661047506
8730,-13.442803572140079,-18.362981727025204,-19.711401731525623,-10.579367955957881
8731,-13.38654627116549,-18.273757889302235,-19.4573072173245,-10.41976390802394
8732,-13.440246728884786,-18.233871237819,-19.188819477998006,-10.327332320256094
8733,-13.428995221564962,-18.221261464116868,-18.915210303438688,-10.278345526327886
8734,-13.188895539177397,-18.194561789031933,-18.636073147714434,-10.231179412296079
8735,-12.982708997710226,-18.12299243573592,-18.34655904425326,-10.22844262450412
8736,-13.089018571247676,-17.99668750321656,-18.04353603710953,-10.30639889474254
8737,-13.340082774519768,-17.854055397422243,-17.741190271098393,-10.398340210611773
8738,-13.506843222053673,-17.7402849478738,-17.4547022628915,-10.438465699857343
8739,-13.595231520910689,-17.64839102831744,-17.176453951789522,-10.442820710748395
8740,-13.658128254603428,-17.55373895924537,-16.897691584206225,-10.446873137949177
8741,-13.802847971081073,-17.451062483475923,-16.606960496017717,-10.499780977198027
8742,-14.106387086729733,-17.33091728210627,-16.30416210445808,-10.624090613350294
8743,-14.315063564573595,-17.164438060926237,-15.98282883179603,-10.705275552989404
8744,-14.186615561143997,-16.93320634989503,-15.625155809532615,-10.630094897180525
8745,-13.967714774742944,-16.64724682889913,-15.23475510953885,-10.466458712150974
8746,-13.948500499244236,-16.33328078202148,-14.844629287228171,-10.317831330292751
8747,-14.024680786304645,-16.03157527898388,-14.47421184056141,-10.188686142683924
8748,-14.026807256457,-15.773622988719922,-14.138344183731357,-10.06576514021097
8749,-13.894715190831475,-15.559175921750093,-13.832666009876736,-9.94345872052854
8750,-13.615510207725473,-15.36140166786857,-13.541147098240051,-9.81021697594747
8751,-13.393639819498363,-15.124838439522469,-13.251979162275864,-9.704848961002341
8752,-13.409852455008718,-14.797236386951825,-12.951696231421801,-9.651845736429545
8753,-13.387448416269223,-14.371470685057423,-12.621940463147224,-9.545905601576749
8754,-13.025288123043017,-13.865687960653098,-12.245985863008578,-9.284055544142412
8755,-12.491572825771984,-13.301960742024432,-11.809079868289682,-8.91292114503512
8756,-12.022575524285463,-12.709005430221215,-11.303989151035754,-8.510283059506301
8757,-11.616578221090862,-12.112190861049802,-10.737477370718544,-8.093736418161686
8758,-11.217437537788054,-11.525464969022108,-10.121397360446354,-7.666230832223306
8759,-10.698210420386179,-10.962463560019305,-9.46924823869038,-7.200281853693024
8760,-9.954816391935045,-10.419211642508468,-8.78736820687424,-6.669102185741323
8761,-9.207321378894001,-9.840137792268944,-8.057750293287446,-6.143995525381701
8762,-8.684485028788355,-9.179803915180985,-7.262751584240142,-5.695319650023819
8763,-8.179151731562092,-8.468338739696872,-6.410950842824967,-5.245138041953823
8764,-7.403302415308535,-7.805685573823253,-5.565980161618977,-4.72573011233355
8765,-6.708728163149347,-7.331599726847968,-4.853040004003784,-4.300758363555403
8766,-6.395384762090439,-7.090091940828213,-4.346265371880259,-4.120017768786658
8767,-6.412580226713109,-7.012251730527839,-4.002816045340433,-4.117791349714227
8768,-6.567890307288435,-6.959901132612764,-3.745935544971388,-4.1494127314672005
8769,-6.553165729164114,-6.878605747364546,-3.491521533268829,-4.079322060542208
8770,-6.12458864427374,-6.76286062445701,-3.1930300523945996,-3.81651179765925
8771,-5.533461690772001,-6.619254383946689,-2.852246098479527,-3.4383652687484685
8772,-5.33705520305657,-6.229190534131115,-2.3979385181069772,-3.1843228232411405
8773,-5.177381901451134,-5.836840031237506,-1.954225881722449,-2.9190271660769063
8774,-4.820798351880304,-5.421633674046215,-1.549970493084838,-2.5967396072979696
8775,-4.34816364835042,-4.965462244204092,-1.2003956273111858,-2.2460926582423855
8776,-3.9041487033491826,-4.463039244336968,-0.9129301848905805,-1.9052007774434883
8777,-3.557978443034936,-3.93506629569608,-0.670073440397211,-1.596331863456266
8778,-3.3419432976337067,-3.4125671745555652,-0.4325342153855101,-1.3286550966171
8779,-3.080541277136825,-2.921297794109665,-0.17690364604959957,-1.029397006496333
8780,-2.584519352572559,-2.4756185210989967,0.09570152542229513,-0.62956511843022
8781,-2.064266113491044,-2.061281409068565,0.3865062820625946,-0.23274178968016196
8782,-1.7930449503687051,-1.656023882193388,0.7077825606289604,0.03171135680757876
8783,-1.631278149915116,-1.260381236241187,1.0366541305011039,0.213807782756333
8784,-1.3684938190681,-0.8848571556072412,1.3084123789876998,0.4022748811438404
8785,-1.0594462697232838,-0.5428503664325283,1.495388610650214,0.5838482967221146
8786,-0.8133847190003004,-0.24579946161573965,1.6419154225044994,0.7290230235646983
8787,-0.7394109678626417,0.018306013481048454,1.8141928954198066,0.8180358467857705
8788,-0.9050467550582809,0.2678978100039066,2.033885365034135,0.8468440176058056
8789,-1.0495001140848939,0.4976989431538538,2.274678935462753,0.9151551035947714
8790,-0.8840152011266142,0.6983348142982261,2.5154059940937348,1.1286849110277088
8791,-0.6192817786795898,0.8798662215916808,2.7442236328462544,1.4397788859932446
8792,-0.5610988157897625,1.055411563968803,2.959774104687691,1.7519342296930864
8793,-0.6104372501278115,1.2276603904920087,3.1524508770679307,2.041032627399447
8794,-0.5813680782650679,1.3987837191447188,3.3132686905937963,2.2998386706991316
8795,-0.43691494528782615,1.5735762231447468,3.440655576674823,2.511044879886285
8796,-0.1833729999124778,1.7601903636776894,3.5349348159289318,2.675317404208166
8797,0.028297151279843863,1.9734787155177358,3.590555828888292,2.7854414105762215
8798,0.038011342588592845,2.2256398718928483,3.609563467379956,2.840675261724042
8799,0.04276310337547237,2.5266678410817156,3.613827837141886,2.930491947543159
8800,0.28648009313731204,2.867485837334017,3.6326005150900422,3.1255467517096176
8801,0.5910814506063187,3.1868821037618056,3.700034202429983,3.2931328568486014
8802,0.7048642482232322,3.418872918487252,3.8301246295632727,3.273782685659045
8803,0.6764324394552094,3.5461473275626076,4.0063656156210925,3.0977915411214587
8804,0.6224601871323149,3.58491547635475,4.180058266009015,2.8623470222130183
8805,0.6151655714416977,3.589506099241917,4.309941439832609,2.6442698396583655
8806,0.699664920576979,3.6196010396462177,4.38566334650001,2.5057250111601435
8807,0.6951844485360027,3.670666083505249,4.409793095748263,2.409170069013478
8808,0.40890910257204494,3.715730040061129,4.400974492845676,2.2838388838130563
8809,0.07019474973071627,3.7664630916970134,4.367334101814605,2.1725604839023673
8810,-0.02482618957099153,3.837201375898386,4.32041206844343,2.1370690113628568
8811,-0.0014868863760950368,3.919738327084488,4.278231000947557,2.1301782395217814
8812,-0.06221748038329705,4.000054008274073,4.269521591823756,2.097305701630503
8813,-0.16158737119893568,4.052672248404028,4.293219548099908,2.0688058024739227
8814,-0.2041106810840378,4.056875430123311,4.335844428683534,2.0924784172197235
8815,-0.06717864094506612,4.03281407728237,4.37824376697226,2.2145157436579437
8816,0.32917836873596684,4.014204285024201,4.3996440485331165,2.4601471052982316
8817,0.697402665552143,4.007929043141305,4.388735254065967,2.7290026632982
8818,0.7166972310389222,4.0120009681653865,4.345453789820899,2.909664487829807
8819,0.5824456253225314,4.037755109094579,4.278830236830041,3.080498108530082
8820,0.6018851114958673,4.087279007951073,4.203697404986248,3.348078452197841
8821,0.7316289704729846,4.13189809309548,4.1389336421873635,3.6585521427792775
8822,0.8434494172990893,4.138507183027543,4.098226756814107,3.915539365618623
8823,0.85568626388419,4.0917844768736975,4.07369566598657,4.040945577099304
8824,0.7117763249049087,3.9914224318901814,4.052036257516171,3.990246651596663
8825,0.6075033012708568,3.8634429420110843,4.037740673789035,3.875744165379656
8826,0.7632717455059417,3.742273018548726,4.038760474260395,3.8428194686110797
8827,0.9510145765155714,3.6313652015664895,4.056136384325005,3.8533091547978793
8828,0.8802994214011525,3.5295452496096735,4.086070097281048,3.8252367532805174
8829,0.7317011830498068,3.466786387815994,4.108677045005504,3.792892545421554
8830,0.7661096124617212,3.4741880001096264,4.104178835240636,3.8087735476548206
8831,0.941673194026151,3.5608299134374315,4.080364994380039,3.895724684202563
8832,-11.298236887476811,-9.725519401660009,-9.388368255731407,-8.433652786428858
8833,-11.697712160045501,-9.988330122789241,-9.799103934018053,-8.726736590559465
8834,-12.353116442979312,-10.262010051383252,-10.22913009169986,-9.093128575000998
8835,-12.997976712536296,-10.562055818874644,-10.66681624336541,-9.464171669074826
8836,-13.348113157574812,-10.894482187908695,-11.100096392985693,-9.754776345234436
8837,-13.586967343206322,-11.256867971476192,-11.522598372787836,-9.979754461191153
8838,-13.94773244112109,-11.632900476213901,-11.929076045113883,-10.16939810347829
8839,-14.35032673538628,-11.996713735908724,-12.305017653002464,-10.309319519556523
8840,-14.658936631751905,-12.321811623961446,-12.639592926226044,-10.383273716800646
8841,-14.750283850828627,-12.574974715149782,-12.940905340534865,-10.364899534760408
8842,-14.558165996512722,-12.744616313244368,-13.224984504935716,-10.245016931793439
8843,-14.344448310413712,-12.884194738820511,-13.499585406343705,-10.109363472670795
8844,-14.375666993247524,-13.05349316040205,-13.774894422823069,-10.04480897624964
8845,-14.444026321586803,-13.254645671503608,-14.08133819117461,-10.014527331956025
8846,-14.296086771688552,-13.468320162891505,-14.436973022810996,-9.963426652116373
8847,-14.073204943566148,-13.676676609858378,-14.812027314262972,-9.920706305284243
8848,-13.96673548163804,-13.86170041092314,-15.163691239533811,-9.921087414608717
8849,-14.003111131909469,-14.0252871700846,-15.466812964433041,-9.964607432815384
8850,-14.15791420087252,-14.176011953051372,-15.70656749754818,-10.036778070012456
8851,-14.270088385088846,-14.305750020548729,-15.883106363293304,-10.07444629729895
8852,-14.194368806058039,-14.405784588759476,-16.005930445614812,-10.021249793034555
8853,-14.132264425158535,-14.474250213548826,-16.077864019103657,-9.932165818631823
8854,-14.300920842378417,-14.510653714539465,-16.102562896359817,-9.870312445690498
8855,-14.520148204762881,-14.533343639049418,-16.093865633831374,-9.781669858727078
8856,-14.568861867478814,-14.550221671623705,-16.069584069381133,-9.6076631513087
8857,-14.498683955973915,-14.508253580408416,-16.040964527576087,-9.37774793215929
8858,-14.408077776426847,-14.362257068930656,-16.022349470637653,-9.145491904821123
8859,-14.361248238242144,-14.143254680316616,-16.05124203403122,-8.975693262980387
8860,-14.39808854470152,-13.912767540618404,-16.152839496516282,-8.920125796308588
8861,-14.354219098736046,-13.736801940327533,-16.297454301953533,-8.933391204502616
8862,-14.08430755979891,-13.664504318360589,-16.442742783185693,-8.957915748089047
8863,-13.838985414987116,-13.685542214619478,-16.57231809514327,-9.049896206862561
8864,-13.876158618488837,-13.75318378771464,-16.679557642641527,-9.26439359607324
8865,-14.028614870412513,-13.820650239607644,-16.76840062053817,-9.540641769710744
8866,-14.067411512755625,-13.845903973983116,-16.84536421384954,-9.800124618519563
8867,-13.972490101350878,-13.788985521005301,-16.893122923731884,-10.009395386199923
8868,-13.786618897016965,-13.646764577347355,-16.89517286511436,-10.155895895439048
8869,-13.65905838246348,-13.493895857193024,-16.86431498230862,-10.274706300608003
8870,-13.721908640387255,-13.411019439872899,-16.81902216639914,-10.40567871161069
8871,-13.771979936945462,-13.417129870771722,-16.770345516464584,-10.507208960951388
8872,-13.589275430703033,-13.491221411538485,-16.719623626986422,-10.530717635340926
8873,-13.364289713866116,-13.567175008833752,-16.644350048174857,-10.511129516977961
8874,-13.315272040904468,-13.576286978027987,-16.52024960216983,-10.491073910806325
8875,-13.321561026663135,-13.522779990089207,-16.342750313083073,-10.454862759877672
8876,-13.217003431297112,-13.432405938155494,-16.12211690588602,-10.3804122984242
8877,-12.954881919631552,-13.294622848867188,-15.891970079201084,-10.26160197650039
8878,-12.529409377405688,-13.09842507595663,-15.679945502546042,-10.092192639589928
8879,-12.093010849782459,-12.844664396000502,-15.466819086580555,-9.898905138944315
8880,-11.776572800889515,-12.538674267932713,-15.217476581536696,-9.692667493525784
8881,-11.328017309997053,-12.211691015939145,-14.91039221140049,-9.368880194845028
8882,-10.497626131569438,-11.887591424657375,-14.532742342910549,-8.837827739036651
8883,-9.502772085021082,-11.53407513821624,-14.0874452561497,-8.177920330698493
8884,-8.624764943192284,-11.110371064785548,-13.589329484401562,-7.503747822498828
8885,-7.863277801771327,-10.614046190527578,-13.050979035135773,-6.854779109514679
8886,-7.154295452671947,-10.059743277913476,-12.486614845857702,-6.243380475657157
8887,-6.417623304538817,-9.468297469956587,-11.915793693611429,-5.646434810819604
8888,-5.579661383325514,-8.86760732024912,-11.3532375258243,-5.028391181311993
8889,-4.807327065900819,-8.283898778946453,-10.804787957935638,-4.423842994189084
8890,-4.2502700224972285,-7.731704846492985,-10.26634438428292,-3.8674610388630444
8891,-3.6291482170451155,-7.205200643928136,-9.717762480481847,-3.2951864423977577
8892,-2.647347907959657,-6.699852385197629,-9.155485966084937,-2.6408871884289615
8893,-1.5852317490949996,-6.218784995654416,-8.596211023688687,-2.002454705624345
8894,-0.7583620087390759,-5.769266054632337,-8.07154171373761,-1.472236328037958
8895,-0.15394799202496284,-5.333905997972852,-7.597452830744526,-1.0659858503726811
8896,0.35643541089798875,-4.890166842482365,-7.170717495959899,-0.7434491061428729
8897,0.9673701526895385,-4.437136361767859,-6.758691794182127,-0.3793120297127855
8898,1.8296147953539847,-3.985675751148436,-6.3302762127712,0.13055852116227065
8899,2.7353639341116933,-3.543180441737697,-5.889515095909542,0.7048906948320073
8900,3.0549064784931392,-3.2858718341543907,-5.501862499786251,0.990799225667268
8901,3.272136118601056,-3.059553912082598,-5.138240177096679,1.2342980527647778
8902,3.570755306838337,-2.8866817611439153,-4.8171718248369295,1.4625927570437705
8903,3.8499968051338094,-2.7530839509354386,-4.5294966776031105,1.654771127193876
8904,3.97447483416093,-2.6386029906048236,-4.251256292898213,1.786917442162836
8905,3.9873867256276574,-2.5623662331335955,-3.9573726006270684,1.852433235837867
8906,3.9742967769190347,-2.5417779564687852,-3.626066760359751,1.8514655380859482
8907,4.086937403378816,-2.5506394470601506,-3.246729283548974,1.8206342487220826
8908,4.433609830434766,-2.5495926522246943,-2.8259156552716895,1.7967249668888046
8909,4.7378505731259395,-2.5005563537301025,-2.3930455955159715,1.7360376152874053
8910,4.686952881571745,-2.3804233509208896,-1.9841471557078691,1.5889365640401385
8911,4.475398948461381,-2.220953550083197,-1.62184402842892,1.4041012565705004
8912,4.411879538506738,-2.073122123898818,-1.3136960065085372,1.2513271429395363
8913,4.486890497831258,-1.9501520172701947,-1.0502985768126414,1.1483492917276716
8914,4.606768409283066,-1.8513842724932068,-0.8106770800736778,1.0919831719673156
8915,4.6830842420983165,-1.7890443530585827,-0.5705052083999548,1.0497710460798353
8916,4.634859004167183,-1.7670643659813547,-0.31336191524208845,0.9841810133758365
8917,4.63309384603654,-1.7663143689453467,-0.04382685477831692,0.933110949089773
8918,4.8729682490227715,-1.7622260387850215,0.22052263145631715,0.9463452543093915
8919,5.126292292193133,-1.743044218594942,0.4579407989427465,0.9756388507206001
8920,5.108957328581271,-1.7022982832445468,0.6522292503071443,0.9625973528002174
8921,4.962416929544843,-1.6254969989222567,0.8074619848592273,0.9455776559200455
8922,4.915203162101285,-1.5076657151703572,0.9416170627654579,0.9781631884013791
8923,4.976768741777899,-1.3748619777791644,1.0759094107010558,1.0625194917998024
8924,5.097400118266539,-1.2588751439373136,1.2277505306189245,1.1780964684122126
8925,5.158773594928337,-1.1725040665544977,1.4063374749203212,1.2661569013027263
8926,5.044792117277483,-1.1133812772994263,1.6049659635464886,1.266493752077124
8927,4.945475696266102,-1.0607331035882468,1.7843776171740533,1.209313978723843
8928,5.08194108124831,-0.9883491977337147,1.9034941639556284,1.1494937235847467
8929,5.237431841230743,-0.8850767335221296,1.9635744529965269,1.0595882474363552
8930,5.129613177804312,-0.7563311292005808,1.984780301457119,0.9047434217653185
8931,4.856047423234728,-0.6246994071194482,1.9805963559344766,0.731631057735783
8932,4.598281535760048,-0.5213568449756124,1.965111068138377,0.5931607542221965
8933,4.412057545110874,-0.4739611736552216,1.9486766920086165,0.4851995002506735
8934,4.30651899810882,-0.49235589287727866,1.938709789991454,0.3851458618864061
8935,4.106774213026757,-0.559668042510427,1.947260355082677,0.2517663144562725
8936,3.634810270671359,-0.6366894051733545,1.9859678887317933,0.05292126029940719
8937,3.1362855384506148,-0.6553877326463463,2.0661564308776716,-0.1488798772689264
8938,2.917594384266902,-0.561652371181262,2.1889892475469988,-0.27740380661708886
8939,2.826599112838966,-0.37464985609971513,2.328892625008293,-0.3698448445697047
8940,2.6176437020487944,-0.15230592958992828,2.4515021985948464,-0.4872231383020341
8941,2.3108589113399027,0.05010764724047678,2.5321576277711717,-0.6212015157750923
8942,1.9939086492473894,0.1836310445199242,2.558973544625738,-0.7455768213997629
8943,1.7802425545828475,0.22240604952468876,2.5434905157594137,-0.8249087617476973
8944,1.768720284427588,0.1703473737349173,2.5072928418534803,-0.8303367462366842
8945,1.781215303393787,0.05370927730286257,2.462436630256645,-0.8228168995565871
8946,1.5976616951384253,-0.08772910063516248,2.412494918256694,-0.8737154014436028
8947,1.376993483177082,-0.20585042256677777,2.3485038488932726,-0.924516179916198
8948,1.3394615384557607,-0.26753552524525287,2.2590451823033284,-0.8962189860480734
8949,1.3740379782767524,-0.2835389897419626,2.147526868708594,-0.8243943076977354
8950,1.316096647011777,-0.28563454956115264,2.026711431501629,-0.7661971015759044
8951,1.1576764413304819,-0.3009897195637993,1.914977856418002,-0.7305848887288005
8952,0.9449481661702669,-0.3459571422434611,1.829926726883475,-0.7072283625187952
8953,0.8643835855947298,-0.4090069365429646,1.7749730492016178,-0.636124616028565
8954,1.0865291123685905,-0.4626925758885611,1.7446762712413395,-0.45887718727619775
8955,1.371835507736198,-0.4871998538211762,1.7317975301508512,-0.23372875794853554
8956,1.4174359772406517,-0.4699305179709914,1.7269950545612291,-0.047858770442275045
8957,1.3776429802066468,-0.40582633167841886,1.7252616752110905,0.10512159691821976
8958,1.4901824448949923,-0.30469826642812503,1.721829680629532,0.250238832056797
8959,1.6931814451283214,-0.18902045809067392,1.7009939321435086,0.36874109662265364
8960,-5.245312956747439,-13.4563191738023,-12.662341635096478,-5.5291930274170085
8961,-5.281253364219686,-13.667307407403554,-13.031390639180925,-5.464403396094536
8962,-5.55781167586167,-13.90965310343117,-13.42574366702561,-5.507243007001537
8963,-5.861211352838954,-14.177975325546914,-13.841827297443206,-5.596830490014171
8964,-5.958917484825762,-14.458701950593813,-14.264506843448412,-5.66843866769389
8965,-6.05921387696538,-14.747237392741507,-14.666563556183345,-5.77804606272834
8966,-6.3978768763756975,-15.036579918620923,-15.024848452641502,-5.983676869955771
8967,-6.8367288430644475,-15.308748578532786,-15.336152333042373,-6.2358485027085235
8968,-7.183297039575093,-15.54508621928503,-15.614832220673087,-6.467839093978328
8969,-7.360291880437006,-15.731561642371048,-15.892098783427219,-6.624010756938243
8970,-7.355824086199781,-15.86372298483384,-16.199854244857605,-6.685828346690892
8971,-7.389084925397976,-15.950417680237946,-16.55560764642214,-6.781697977478031
8972,-7.674792029729668,-16.012473616213427,-16.957508225096937,-7.039327658634574
8973,-7.998107778256608,-16.08634407552233,-17.373204463617558,-7.376312765569953
8974,-8.11263500619674,-16.202121998167375,-17.76637197073132,-7.674444977301776
8975,-8.216450701439458,-16.357613342885237,-18.128001464480896,-7.959794725048201
8976,-8.531885260417202,-16.536876665570414,-18.4645662980732,-8.269440386405646
8977,-8.958869504462687,-16.724506950328312,-18.79056735205939,-8.573127841110885
8978,-9.338860961640359,-16.907569272846132,-19.12153183072769,-8.83252142838567
8979,-9.523499138063116,-17.09197245740253,-19.459297901458196,-8.975749641976934
8980,-9.430716685909472,-17.28541046393983,-19.794336341304888,-8.957802311362396
8981,-9.337352756421016,-17.467316851964547,-20.11187384446939,-8.898996032990539
8982,-9.523418545685502,-17.61627940283381,-20.396267987550672,-8.928185189502088
8983,-9.743879987534768,-17.74178669496237,-20.630320007169697,-8.980626026924256
8984,-9.704091164414056,-17.857056713616025,-20.808781478630845,-8.966882556409361
8985,-9.557891877929677,-17.953599452992158,-20.961348252117542,-8.930455624616103
8986,-9.510987056133283,-18.022099475485582,-21.115883902344446,-8.92709423673429
8987,-9.55957910468531,-18.066973382760867,-21.25886550231735,-8.970410256169327
8988,-9.647850696359171,-18.092979891686344,-21.363740686565826,-9.051885264724621
8989,-9.607927932565461,-18.100892549860514,-21.406200844352785,-9.075570884225485
8990,-9.309398216433324,-18.08683917555209,-21.373776346401538,-8.956984622163509
8991,-8.998071140764335,-18.035013289764994,-21.295849580678208,-8.785863037612707
8992,-8.946491964045872,-17.929407516254916,-21.210785841171802,-8.672011940476418
8993,-9.025248103890128,-17.767428205033895,-21.120321076443386,-8.578796567026547
8994,-9.034671651117879,-17.555841787499567,-21.0163901258116,-8.4466316407302
8995,-8.985289584567168,-17.30657700985896,-20.907202989975698,-8.269518732672736
8996,-8.910198332934707,-17.03486416518637,-20.796024288588185,-8.057695743274746
8997,-8.830888189826675,-16.757639191968295,-20.6681871581875,-7.879002960652124
8998,-8.763608804699105,-16.482029487252973,-20.508728653541223,-7.7910535118824615
8999,-8.533990412719742,-16.19577729832055,-20.313935054296824,-7.706927425098092
9000,-8.01921963929566,-15.878953216573638,-20.087728126257076,-7.531620844297059
9001,-7.539334511129456,-15.508320337199917,-19.838687361127356,-7.319313521663942
9002,-7.424599208745105,-15.072627066889124,-19.581173474293177,-7.1466507279942375
9003,-7.542296196301218,-14.598993935286355,-19.33787549761288,-7.021828358480317
9004,-7.664896329596281,-14.122079181904267,-19.12314216006133,-6.932127283942763
9005,-7.738771512386689,-13.648475667663677,-18.927259333940782,-6.815689463153137
9006,-7.755749635128356,-13.17610562131014,-18.7290007143006,-6.61958946743813
9007,-7.825854953366892,-12.70328519340579,-18.502084819804878,-6.436007161275257
9008,-8.056683643808528,-12.227978774515009,-18.227688375988837,-6.359130131511696
9009,-8.232752529240212,-11.764994755359668,-17.914729295346888,-6.297807428107853
9010,-8.13826927212493,-11.325288013550486,-17.58034181231367,-6.142860344699049
9011,-7.9940040046379295,-10.885093270961809,-17.230233536149218,-5.931405315442361
9012,-8.042585040108296,-10.416624731195599,-16.860598376745337,-5.72182308821702
9013,-8.144422145738792,-9.915200345983367,-16.452890045438934,-5.511671870063194
9014,-8.110788303891225,-9.385275114688524,-15.98533065698235,-5.294243361378227
9015,-7.893273505714695,-8.83991748115426,-15.44907705985214,-5.049034679846842
9016,-7.507524987726027,-8.28943312109326,-14.846577951149776,-4.76310426116201
9017,-7.18599831931699,-7.717657690762063,-14.190457531907287,-4.518020169151883
9018,-7.129677156857392,-7.102853946778546,-13.498531640713221,-4.384792364842073
9019,-7.052844458987327,-6.441546826381889,-12.788070745463422,-4.275128453290865
9020,-6.631380975584639,-5.7898748014285415,-12.115845006660264,-4.092707624415183
9021,-6.246965963951557,-5.225161487280253,-11.542295896693933,-3.990310894888082
9022,-6.278918387099183,-4.84225353734783,-11.128717634648998,-4.101397577413571
9023,-6.61045607955155,-4.638545821624841,-10.83614201626745,-4.3557258649518324
9024,-6.9605599438529095,-4.548709908046287,-10.574674624499194,-4.606418462171093
9025,-7.059172323944104,-4.5082150356247706,-10.279554998771179,-4.715766336950489
9026,-6.723457902872783,-4.460103802373423,-9.909782157433046,-4.597830684117358
9027,-6.181540203752318,-4.3750736696472154,-9.467002349484332,-4.365158565557834
9028,-6.135474125793348,-4.226382029310533,-8.871713736692577,-4.273025657982808
9029,-6.083752545825319,-4.033294284434735,-8.274899385847068,-4.199021744457672
9030,-5.851470504432312,-3.8044575982069437,-7.695708018851297,-4.070269129354506
9031,-5.598561129395935,-3.561379647394025,-7.140462569081202,-3.921247100818632
9032,-5.524696670428404,-3.3284387160080846,-6.601199265820836,-3.7964477181751084
9033,-5.624581773187857,-3.1310419227713653,-6.071405681385999,-3.7070045513475116
9034,-5.815593295318193,-2.978539196913266,-5.542696449548894,-3.6480849499365404
9035,-5.898470232390571,-2.8437436179689684,-4.9978963167692045,-3.5249535130078673
9036,-5.689703192294649,-2.6878992767903496,-4.426047363521224,-3.2522395994673476
9037,-5.375592832278918,-2.4721053835860127,-3.830746166766391,-2.9473784944445587
9038,-5.2175473575090505,-2.182882193878179,-3.2290679552811996,-2.7648677397434036
9039,-5.08759911577048,-1.8916455135347188,-2.663461790563907,-2.676353188402378
9040,-4.7932062464187295,-1.6833439756138613,-2.1733462173021167,-2.6053131123813182
9041,-4.432864796278818,-1.5579609273282855,-1.7500370508452823,-2.5426160870586423
9042,-4.153212309351615,-1.4796141786279016,-1.3662057752793573,-2.49195426104808
9043,-4.016949624438078,-1.4126810847913176,-1.0122605533404043,-2.49198230907365
9044,-4.0408360760986675,-1.3258878326758963,-0.682531815485863,-2.58272514664019
9045,-4.026841835604116,-1.2392507638813133,-0.370328432429335,-2.6864012173064116
9046,-3.7681811726650847,-1.1864728360558499,-0.07165233404817803,-2.709166622451492
9047,-3.4849169916719673,-1.147772569582884,0.22160549082145464,-2.7044764897364413
9048,-3.4597488840842674,-1.0885774557438481,0.5190775117365543,-2.753340634323909
9049,-3.526330645946585,-0.9996465238681678,0.8249918242670383,-2.819478590727345
9050,-3.4351984770613044,-0.8835948456869215,1.1400610855545263,-2.849403489553263
9051,-3.210048796055218,-0.7472433520377127,1.465944961427727,-2.856767806079412
9052,-2.9475284736040144,-0.6120657517510086,1.7983900803790143,-2.8652984389771743
9053,-2.7770826906437325,-0.5259443033923573,2.118439005550375,-2.904745393427674
9054,-2.814180024548095,-0.5269069462421508,2.4040397352348597,-2.9954618368538637
9055,-2.8791846589842742,-0.6039237711033545,2.6429384716457553,-3.051425366259009
9056,-2.754233398409716,-0.7161065265264784,2.8318969562366756,-2.9840331916801692
9057,-2.637674079404335,-0.8050884882030839,2.975530238463238,-2.8928665955284756
9058,-2.7891895306098164,-0.820743218877374,3.086166843121144,-2.900810801679407
9059,-3.103043405202961,-0.7595309434647162,3.185844629530223,-2.940474445730782
9060,-3.38797869649388,-0.6506667273170652,3.2938253332071157,-2.9043695027270915
9061,-3.565692118591661,-0.5458473943938466,3.4064750740949625,-2.7697429382147787
9062,-3.5990642351653124,-0.4907609839927967,3.5140970279150343,-2.549666267865363
9063,-3.622651898877894,-0.47568316956301543,3.623030187597342,-2.335192885962467
9064,-3.7866760864263633,-0.46252760555182626,3.7437525187312684,-2.2206649479150924
9065,-3.871280981335201,-0.42042128075994145,3.8833200099661083,-2.1253869593666748
9066,-3.620183282456296,-0.32466243063936223,4.045006424089406,-1.9311540573397021
9067,-3.222194568245778,-0.17282129400528506,4.21980013375937,-1.676294890064879
9068,-2.956637675696028,0.020961958223629666,4.39371778535531,-1.434638264986794
9069,-2.834420804941227,0.2537303975671713,4.559156985709369,-1.2075461634843985
9070,-2.789050434633784,0.5157520420897649,4.712446497958965,-0.9831635247684614
9071,-2.7266664405726093,0.7629721325814323,4.853459764874505,-0.7378920212938374
9072,-2.5515281902149427,0.9513273210584068,4.9836397556673315,-0.45282135026748765
9073,-2.416008937352462,1.0699653579153496,5.100421510874874,-0.19096469285727213
9074,-2.501908941275157,1.1270877899052396,5.198376461239033,-0.03189187791978858
9075,-2.5890505453477117,1.1493206416097714,5.271665451306923,0.033026839787653625
9076,-2.4191519170675453,1.164368430759701,5.314433248896029,0.03725848284631843
9077,-2.1831234740313104,1.1616153375558331,5.321726127626207,-0.03337475787079601
9078,-2.1482859340337614,1.1205683706318401,5.293289353019542,-0.18927256140523724
9079,-2.3032558206431073,1.0495876694125525,5.235570768305586,-0.40482502088776384
9080,-2.547970809345852,0.9674939135373416,5.160650583751259,-0.6447936338352539
9081,-2.715077054948228,0.8932205307149022,5.086593028466997,-0.8528247124592941
9082,-2.650591102437171,0.8445695223217731,5.027767280341963,-0.9828055590287769
9083,-2.5452374764997456,0.8221453314723431,4.985843009316292,-1.0841097183858823
9084,-2.645287162896473,0.817262858427971,4.94979470949916,-1.2198304002252192
9085,-2.759473247360504,0.8290808991347085,4.893219170451408,-1.3329322482737465
9086,-2.631872581760452,0.8536866637578041,4.789505251801772,-1.3542936695070713
9087,-2.3702652669672197,0.8742969552172973,4.629423983708633,-1.3205691966622275
9088,-15.129085969200503,-15.69297891529155,-15.499993187069796,-13.096964166979305
9089,-15.463770470275911,-15.982684682161203,-15.833108332060723,-13.328857007040218
9090,-15.941840191428893,-16.264081107370494,-16.15198725468108,-13.586096313072197
9091,-16.334222543011986,-16.57540201461556,-16.475327870951663,-13.780506630447528
9092,-16.416256101881636,-16.914057448374244,-16.818716327728307,-13.821851231102071
9093,-16.41647471441307,-17.271600084908098,-17.175763811746233,-13.775537217158655
9094,-16.600230135783445,-17.62481616321184,-17.534726053084594,-13.731441441565726
9095,-16.85683405180171,-17.957328692453505,-17.90979924107416,-13.691634274665148
9096,-17.017354775558967,-18.26211083397734,-18.308895067851594,-13.643314668561437
9097,-17.03246185776576,-18.540188396396708,-18.698380482244932,-13.57604391847543
9098,-16.905752926016184,-18.80070767449405,-19.04086622241339,-13.483668633278462
9099,-16.833430975185916,-19.053496216212025,-19.32224348208837,-13.429266840978299
9100,-16.999294505296678,-19.305775646313247,-19.543133196070837,-13.464860650558371
9101,-17.19582038691583,-19.57156166519328,-19.728867565143137,-13.51521918657795
9102,-17.1834750127914,-19.842782831689128,-19.90387599787321,-13.489392058416788
9103,-17.11839901657864,-20.091112525759918,-20.054270999658502,-13.388619776753728
9104,-17.194193713693465,-20.273313529504083,-20.156063373519853,-13.241622975863878
9105,-17.340324188328808,-20.353676886882837,-20.196586349406378,-13.077497537933978
9106,-17.449592260930068,-20.360502897077406,-20.1760044492631,-12.928613329102967
9107,-17.45034952083889,-20.377192857921795,-20.125077430847348,-12.776434049438677
9108,-17.30130317660016,-20.452524376235267,-20.079364657101593,-12.599319301666178
9109,-17.18936925407176,-20.580955078035327,-20.04488738890742,-12.474856696514673
9110,-17.275301543072075,-20.719936554913204,-20.01368566007944,-12.464595423987115
9111,-17.266817010868444,-20.82609181269115,-19.975719373141878,-12.467040452224666
9112,-16.86749169728755,-20.86242602315102,-19.918863606363047,-12.373358910847573
9113,-16.28186529507208,-20.815544815510883,-19.83634476373034,-12.215764204670904
9114,-15.788267541392658,-20.69616767401322,-19.729442532980183,-12.060212248673693
9115,-15.41191334612656,-20.53634769153706,-19.607276178917555,-11.950680040963176
9116,-15.10776773425314,-20.372959247300685,-19.481469480871624,-11.912337167656135
9117,-14.724428031415322,-20.221594633166596,-19.359922333807972,-11.879626881703077
9118,-14.133024150250156,-20.08864758969145,-19.244285982271542,-11.77655298929285
9119,-13.583887686336839,-19.98909316007164,-19.127165416229182,-11.658228862593056
9120,-13.335708612827966,-19.92800700738707,-18.99457088553444,-11.584796152262022
9121,-13.162770157085856,-19.888793304232117,-18.833403811685137,-11.476169134834265
9122,-12.793590194708157,-19.847334603807653,-18.632378972118268,-11.24842212710331
9123,-12.31572032881454,-19.774454385293183,-18.37382557234336,-10.922649205570835
9124,-11.878261879784546,-19.650044409028702,-18.05313451841477,-10.54721468413894
9125,-11.557902868497054,-19.487957080265467,-17.70494902776177,-10.181171087004444
9126,-11.384010856668143,-19.307504554778724,-17.364772225260015,-9.866570823805928
9127,-11.156377799085197,-19.103934025732887,-17.03457319230057,-9.532009745434678
9128,-10.67717788667157,-18.862965471839626,-16.696759921260195,-9.099267452324753
9129,-10.13317686480564,-18.563874873551697,-16.312090132624157,-8.62787029895134
9130,-9.749777967908468,-18.192070214178326,-15.844973145954793,-8.194229393152094
9131,-9.41388887634406,-17.762601305189094,-15.306113037006654,-7.786422948933569
9132,-8.97147021918447,-17.30145157015814,-14.722164772831109,-7.371162607982453
9133,-8.435880979116051,-16.82619085454763,-14.101902994156116,-6.907892863668991
9134,-7.852625098164906,-16.347089910709368,-13.452952952101224,-6.367502681225009
9135,-7.328773997283565,-15.860507789116134,-12.786413416844587,-5.805846659304335
9136,-6.947716412358483,-15.354425122418007,-12.112195084410432,-5.290256728037661
9137,-6.5089497532929474,-14.821817761038286,-11.446699184899936,-4.7941078055651785
9138,-5.821324600064833,-14.255555449715342,-10.80148905695959,-4.278285971255439
9139,-5.108521559150221,-13.643725917078902,-10.168925739845227,-3.775417100937459
9140,-4.620090759011913,-12.98015682594625,-9.533239430320737,-3.316732496947354
9141,-4.247328673273033,-12.265584151205855,-8.87781378216731,-2.876988826398035
9142,-3.8148014841905837,-11.510504853084687,-8.18839784106301,-2.4236512987464276
9143,-3.246795782077752,-10.750204543506852,-7.464834627665107,-1.9348501305797563
9144,-2.506662966117446,-10.012801588053582,-6.710632124070515,-1.3949463345300508
9145,-1.7316668150994654,-9.279086558151684,-5.915949288650912,-0.8377089796509721
9146,-1.0555148717594056,-8.516112446994663,-5.074034893914918,-0.2907047361520876
9147,-0.2536827386680541,-7.70962049911911,-4.195310489732072,0.33346407132772954
9148,0.8848037590582185,-6.893209948639357,-3.344458531838655,1.096744427039888
9149,1.9309167660510487,-6.153267075634557,-2.5949806225275336,1.7834890669487984
9150,2.471806819377231,-5.533295926113749,-2.030334201181004,2.1873875321203196
9151,2.691934811388887,-4.993716305469219,-1.6290786215148603,2.3498303164368664
9152,2.9280675469698036,-4.496905817224844,-1.3163001301872903,2.406897322006574
9153,3.2587732151904647,-4.044450833417833,-1.0387727807441087,2.4662650243933486
9154,3.672912846543753,-3.6565813578650626,-0.7614065793048779,2.5952873339441553
9155,4.02328538771409,-3.3424910881820153,-0.47981382865911526,2.7015895151721514
9156,4.155046753805806,-2.965252119034159,-0.18637229460352647,2.7566047464278918
9157,4.227928349216905,-2.607303379976055,0.10520128389524455,2.754027267844539
9158,4.489930753872689,-2.2641163727427998,0.40609222508748777,2.8291427400284364
9159,4.800582506349832,-1.9471581756058036,0.726493376893398,2.951160050522076
9160,4.945975795770265,-1.6678943261764234,1.0712945738062425,3.054527447985863
9161,4.935536908017196,-1.4186843897546546,1.4295334873597443,3.152440364064631
9162,4.848682583290281,-1.1855653038264407,1.7843090739522636,3.2730491046463337
9163,4.839878193540764,-0.9571917229750312,2.121188181613233,3.4655383094872416
9164,5.053517744271875,-0.7268899908763934,2.4302663782007885,3.766450347333207
9165,5.32149295327981,-0.5018029064543834,2.7214364613934183,4.086631980193359
9166,5.419737808617518,-0.2942807716070993,3.004162647874539,4.310140485767166
9167,5.496942229972418,-0.10899799060130438,3.251192866702312,4.451888080143633
9168,5.7582244486723075,0.05720799001971782,3.4292824354817864,4.56006706012659
9169,6.098080936741809,0.21564248680299428,3.536536013026999,4.598316285423707
9170,6.3552493557290415,0.38889674313600275,3.5845772860608283,4.53382267012775
9171,6.4826033933715586,0.5806044536794703,3.586981600433943,4.408404223499618
9172,6.483307796580562,0.807703621709666,3.5617601993210477,4.281731615139404
9173,6.5351151998932115,1.054362494443127,3.519794578715661,4.21023634565301
9174,6.822817380341272,1.2949623140702478,3.469376359370312,4.2316392477259885
9175,7.148341151480567,1.509784847640821,3.4305860418376843,4.304529086776415
9176,7.2554872109202755,1.6853589048757593,3.419551268449743,4.361874256227967
9177,7.31203791452206,1.8164714876075796,3.4324506053543917,4.4040398624331765
9178,7.551279739658566,1.9112238206245524,3.455075252409954,4.445919197149482
9179,7.898208654633359,1.99449518727527,3.467721735515816,4.4553479458416385
9180,8.205748926496968,2.0920443602303758,3.455364686164225,4.405144920195048
9181,8.356174884001062,2.2159044319855097,3.421985520780647,4.29925684046174
9182,8.27321547675379,2.3642544569228177,3.386354093018938,4.160641822643531
9183,8.16112975966251,2.508737850649632,3.3777653534107666,4.070509284375229
9184,8.2600708008846,2.618668283508687,3.4210153650291706,4.101068681491751
9185,8.386596765478012,2.709219814158725,3.5210565196969905,4.180652025332198
9186,8.28229683408934,2.7986423749439355,3.6617130691099047,4.209446371589909
9187,8.063016529558851,2.894184623194993,3.796242486283302,4.225341229539296
9188,7.915172628518218,2.9775998316602093,3.877339154505452,4.288377767825657
9189,7.842387166852417,3.046704797066805,3.899119264010901,4.373723686305856
9190,7.802049044411353,3.1278638633734768,3.8784347205035052,4.434727333603111
9191,7.673801922084099,3.217087621493483,3.8405497195471323,4.398863972780972
9192,7.343962252444381,3.264595325189879,3.8101203591624806,4.213216261544831
9193,7.006404994187387,3.2378130283050957,3.7796952107573696,3.982246189115923
9194,6.891051550198531,3.165314717617192,3.7330653291182196,3.8403979819184144
9195,6.815040963476815,3.1139260749141506,3.6828332938982906,3.7487799395803405
9196,6.534735709785987,3.113211105045923,3.6460559543075997,3.630149719105061
9197,6.151902646058699,3.150838697979287,3.6296101354445227,3.525714605237704
9198,5.844241217072181,3.1862669057955726,3.6297798990290198,3.4880320517872456
9199,5.703142795550757,3.1982329058579992,3.6084145668457364,3.512713075547357
9200,5.76386093448781,3.181035636127782,3.526439495975756,3.578164443304345
9201,5.80509312886866,3.152412682532568,3.3975346477364305,3.6080842679165577
9202,5.5850392731096505,3.1350782898739924,3.2553980244774787,3.5378592558293724
9203,5.32300982158233,3.158011232005141,3.1152005456203598,3.4669194116382673
9204,5.317745858585072,3.220150558838399,2.9854326279807046,3.5204829943810654
9205,5.42876668315778,3.2917033225738033,2.874489106703941,3.6580289771299093
9206,5.429862765714724,3.3501817034673036,2.7792852322194674,3.7943120378967876
9207,5.329449093393548,3.372334756758508,2.6761670425201323,3.904537684162329
9208,5.191389310303512,3.3223862936706627,2.5422864763060358,3.9814667578516456
9209,5.1335823323046075,3.2042788839492347,2.3803857908888904,4.069162322141062
9210,5.259621104299611,3.0702783301860177,2.2063626518047417,4.214114430551502
9211,5.351011763979259,2.961845015972281,2.040353006240557,4.32902007497464
9212,5.155092102638059,2.8830296067910104,1.9025058227358844,4.309048023623638
9213,4.87027751980852,2.8316691208761733,1.7922043864682755,4.201569900166045
9214,4.772134552692481,2.788645194056261,1.7024070246510115,4.090368390115332
9215,4.774529053743585,2.738601857481676,1.6526324726510286,3.978902610936047
9216,-7.530492026418098,-14.195139069439778,-13.595805813980142,-5.126906835620142
9217,-7.760790235294651,-14.426674844383848,-14.115318926835007,-5.26494510936231
9218,-8.160169152160396,-14.666979217074,-14.659219844472334,-5.456921953308531
9219,-8.512757282231107,-14.907466838937909,-15.174695512873047,-5.6183133550300335
9220,-8.616785528033544,-15.136739311290889,-15.618702492478576,-5.682159401452331
9221,-8.725436637800023,-15.348207146059268,-15.994785761571418,-5.759015601264006
9222,-9.116191759596804,-15.5418354636588,-16.32766171992791,-5.964795985573969
9223,-9.621892518192423,-15.740173792452032,-16.63289832302248,-6.231500023474052
9224,-10.013130281692389,-15.960569202584036,-16.922889140106548,-6.456236336576238
9225,-10.281997878202413,-16.17854878367292,-17.20336391822116,-6.6092701087311045
9226,-10.468656198519824,-16.360322205701753,-17.471178917070453,-6.681380483295275
9227,-10.681965969938663,-16.492468571607507,-17.723852702294923,-6.714543527112674
9228,-11.012749199374959,-16.57394234985954,-17.956934683712788,-6.749660734213816
9229,-11.245395647125884,-16.617655711468654,-18.15372391813523,-6.69593348874362
9230,-11.176201852353564,-16.64732659622433,-18.305485286297163,-6.470595448184284
9231,-11.045104722226132,-16.68303979424327,-18.435910441941832,-6.167795016235128
9232,-11.13220676879493,-16.73941865450415,-18.572884967466337,-5.911587534714329
9233,-11.378590080976828,-16.833944406443706,-18.724871145176284,-5.736881768056178
9234,-11.651214446576443,-16.967791981156882,-18.890495645613843,-5.6493057642877655
9235,-11.858478257456259,-17.100153768897137,-19.052174260918488,-5.613442101441718
9236,-11.940480024847234,-17.189305371061266,-19.197220678594793,-5.588974678315979
9237,-12.064382705343839,-17.232202632399282,-19.35151126601521,-5.6486356248477625
9238,-12.3971873514377,-17.245572662155062,-19.545660839079535,-5.857028501722024
9239,-12.714563197523843,-17.259388011302867,-19.78418828678738,-6.099916336179396
9240,-12.77853425306913,-17.301130400984263,-20.050818206840457,-6.252677518971176
9241,-12.764296565251218,-17.36530725217517,-20.306141254696893,-6.350109030001508
9242,-12.881914114868746,-17.431686236661687,-20.503221945854,-6.455644084255233
9243,-13.093739703193089,-17.489191254276008,-20.60382883675325,-6.574639482205783
9244,-13.296821238895665,-17.528980823447004,-20.595515003201953,-6.70050857293426
9245,-13.297627621344052,-17.54057515094237,-20.512291888208154,-6.788542348146807
9246,-12.964277819574658,-17.524836661911756,-20.404503323718018,-6.799652246909736
9247,-12.596224727766698,-17.500293939877373,-20.311377779296063,-6.808348067720402
9248,-12.518668806069202,-17.48966943439849,-20.251000213607497,-6.889354120218422
9249,-12.56524142042767,-17.513053134683354,-20.19819171999161,-6.97838621795931
9250,-12.493798541957474,-17.573930358051825,-20.11899650439525,-6.993277643648402
9251,-12.351166889083622,-17.641281313099793,-19.985734869088027,-6.9328262964222045
9252,-12.228162410249926,-17.669128976633438,-19.804588994422673,-6.817070174199829
9253,-12.189103187464044,-17.61983133701822,-19.587389119192352,-6.692948626331324
9254,-12.272134585085963,-17.469741481412047,-19.354038231368296,-6.601261399318007
9255,-12.288322552100313,-17.211202085450207,-19.112168515400345,-6.458744978549967
9256,-12.054578227199828,-16.864279515159605,-18.85966186483381,-6.193221619671241
9257,-11.777391309914977,-16.48981225161022,-18.598979618043707,-5.93967569027963
9258,-11.684639759743286,-16.15135610451772,-18.32315217794691,-5.837527731868586
9259,-11.602099760584759,-15.877288164702014,-17.9917344310939,-5.8254932665314
9260,-11.325700777580234,-15.669067517100046,-17.578185785361157,-5.798056824822265
9261,-10.931600387955152,-15.501914197183266,-17.086673326845716,-5.706724914574774
9262,-10.542976401412474,-15.340154067810444,-16.555987121023524,-5.529761022409121
9263,-10.255566097795676,-15.163950773890935,-16.01398661400689,-5.321690031956051
9264,-10.11986756042599,-14.962202296038594,-15.46350934174917,-5.15452362824018
9265,-9.932635338554825,-14.725993011564146,-14.914152497029157,-4.998410955275542
9266,-9.49349494684334,-14.44900894436082,-14.390754626641334,-4.810282006827844
9267,-9.001364507371573,-14.122026410933364,-13.894126331588991,-4.637780348429148
9268,-8.689610569508895,-13.736760704132708,-13.396772124881297,-4.522600536106438
9269,-8.438436400129966,-13.287511656929562,-12.879194654232961,-4.430249972694541
9270,-8.08721139678227,-12.777010582891249,-12.339370904176391,-4.30681340475294
9271,-7.633762893609552,-12.226125310964106,-11.771856990292562,-4.087259470537919
9272,-7.117456744865367,-11.656900939057692,-11.153614329237687,-3.7297984763115495
9273,-6.710233813561254,-11.07749963460062,-10.460869771674954,-3.3030791302081206
9274,-6.538086823799047,-10.482445996027076,-9.70040107752554,-2.8939580984771567
9275,-6.292464962925444,-9.850662432417582,-8.889147821318687,-2.4777061780239618
9276,-5.604159739920073,-9.170796553996997,-8.088719811216327,-2.0179403985687276
9277,-4.903361713116461,-8.451682046853023,-7.389299594579216,-1.6356050440029326
9278,-4.594431641182742,-7.735138419344996,-6.831757629726928,-1.4322289490184201
9279,-4.52457618247967,-7.130655451293834,-6.394208863939865,-1.3733459669180474
9280,-4.412201896812597,-6.73603800823989,-6.024852655199856,-1.384061610662749
9281,-4.19307284843667,-6.535995202403369,-5.670874448299037,-1.4201859462746902
9282,-3.8691004471701973,-6.476740498586258,-5.296133017488772,-1.4578771220297724
9283,-3.5746629687853364,-6.455167667870668,-4.920940958550206,-1.553990943559957
9284,-3.5750370564956677,-6.246005541173384,-4.5714402349621865,-1.8116808569082234
9285,-3.5223003617862476,-6.006722474438326,-4.232025226559191,-2.0797618545546026
9286,-3.1520031534119166,-5.741796817827498,-3.8936177876862157,-2.229590668403722
9287,-2.6811818183805207,-5.461291073283535,-3.56612709307656,-2.307084906223431
9288,-2.4190026551114236,-5.180232558235395,-3.263850868206669,-2.3966616731314154
9289,-2.3436397365486066,-4.912043250240148,-2.9895208505183772,-2.495067685847279
9290,-2.3362228537083105,-4.662095865662549,-2.7413822069461924,-2.5759000254703244
9291,-2.263444797643026,-4.422048649213763,-2.5172025087323373,-2.575413778287845
9292,-2.014574942039221,-4.184095290406431,-2.31199060379129,-2.4458444406875803
9293,-1.7981385168215105,-3.954820618506032,-2.120647323883199,-2.3077989361093922
9294,-1.8648776600175412,-3.7489300110104833,-1.9363075214465222,-2.3114973901782254
9295,-1.9993957259558854,-3.5975550517212094,-1.7497258853809103,-2.431890442436266
9296,-1.9078241831581955,-3.5187459879477556,-1.550903187877512,-2.589927373007996
9297,-1.7059016292002196,-3.4681538050527254,-1.3231174836955089,-2.779320913512395
9298,-1.5847390295239727,-3.3825140698717084,-1.0625191629398425,-2.9956485715128442
9299,-1.5411463943607429,-3.2294158242865,-0.7758733939807501,-3.2107668653488974
9300,-1.5198639742199942,-2.9990604585721283,-0.4911147704485222,-3.3990156515919043
9301,-1.3574114152806844,-2.7112801911984303,-0.2391906743906836,-3.505339977540616
9302,-0.9061753694055803,-2.4023341542620757,-0.019678203293988738,-3.4899583176691507
9303,-0.4082660136616232,-2.0907536442867865,0.19066989621220096,-3.4216425532915906
9304,-0.16089285046080357,-1.7859950577265176,0.42648958848728624,-3.3904825211595693
9305,0.011905335727901437,-1.5025977699700137,0.6972681895746522,-3.3924352338322694
9306,0.36875721066398104,-1.2484327088764269,0.9956400741654425,-3.3946295945210965
9307,0.8179512490601651,-1.0175384901615805,1.3157496825766841,-3.38949125515731
9308,1.1948304868894066,-0.8003960164334631,1.6404476641838612,-3.3725177159387085
9309,1.402080307628983,-0.5911936646777338,1.9223430596361917,-3.364703720300541
9310,1.3897784562526727,-0.38753479019132964,2.120613232927128,-3.388481529292869
9311,1.3987420900991698,-0.19382773206812906,2.2454821961980413,-3.394481421279224
9312,1.6876314265160823,-0.016494375604808986,2.330776464045861,-3.3243419568749673
9313,1.9832787173353437,0.14610178138240504,2.406127029441382,-3.212303100191512
9314,1.9351696349539225,0.299796608965197,2.4977228083493292,-3.1082221200518334
9315,1.7269219042072042,0.4463342199055695,2.6172419136488916,-2.9799192005834536
9316,1.6510777879007046,0.5903594743472638,2.7683467660551035,-2.78911878815802
9317,1.7259098359751341,0.7479902637153858,2.93160935067468,-2.5593911471400306
9318,1.8869094281394616,0.9326577454809458,3.1017485612057576,-2.3313645347481327
9319,1.9629016548364029,1.1448426776817429,3.2775465553187146,-2.1567401550006977
9320,1.7834640949545442,1.3722624869257072,3.4559860959811726,-2.0751409586377965
9321,1.5649382326429733,1.5828312349065388,3.603986471313631,-2.0290445853429007
9322,1.58578822041256,1.7466170549513167,3.6869352285946957,-1.9446244018329872
9323,1.6519873390878246,1.8599533676886806,3.7024872642906366,-1.8729627595594014
9324,1.4975050610008698,1.9416653175809533,3.6668459420627695,-1.8818106084671045
9325,1.2394010298311455,2.039712808971382,3.605068321357143,-1.9232719184386384
9326,1.0739474264772342,2.202056385946039,3.5458502925897237,-1.9289428110985185
9327,1.081902387824449,2.429710225791677,3.5067671741576536,-1.879429939733883
9328,1.2845812653256738,2.6979530912648175,3.490915823703122,-1.780949093432755
9329,1.4851847506082696,2.985350944784887,3.4901848607095647,-1.7028031729043291
9330,1.4570834813552338,3.2674606804925466,3.4861279277444974,-1.719245053811288
9331,1.3520702441091281,3.5155438589863164,3.4496476793409636,-1.785968639484935
9332,1.3955693158452571,3.7115806554750246,3.3607380399035076,-1.8270994884893865
9333,1.458899572108484,3.863168503744032,3.2264701616614526,-1.8580641812763032
9334,1.3605245664876935,3.9878300037439507,3.0750330713826353,-1.9085762798986954
9335,1.1496388563644173,4.089070852939263,2.956649195588621,-1.95327551401946
9336,0.9249536650800378,4.168195389308391,2.915241761156637,-1.9641125192802733
9337,0.7946318561716736,4.241006448601825,2.9513662282497966,-1.9186928300845665
9338,0.8392600983125246,4.3204991848803465,3.036177331849292,-1.8070218557478432
9339,0.8553330700073423,4.400231725370403,3.1206088018245643,-1.7101355854014562
9340,0.6182148347980313,4.46942688811238,3.157346493329269,-1.7043766030035947
9341,0.36072860645316696,4.520634407595938,3.1418550755834658,-1.6855918127545435
9342,0.38440655173917837,4.552336769207748,3.0925312143512027,-1.5251258522108562
9343,0.5578416177786819,4.587459831759465,3.0215909100683147,-1.2729685488127653
9344,-8.394899297545168,-9.487407125574496,-12.855912570091728,-6.859009157539537
9345,-8.652388900043762,-9.698296233733375,-13.212158891605899,-6.894460282954932
9346,-9.15036901432576,-9.921042028055728,-13.574828678908457,-6.954428980736721
9347,-9.642867384902782,-10.166209521524795,-13.946470218526716,-7.017675083570413
9348,-9.879348848247849,-10.433725845783332,-14.314805410116985,-7.055721431679979
9349,-10.055410356826927,-10.705060503573698,-14.671080028484456,-7.126721703760888
9350,-10.409762198345563,-10.962087384202597,-15.007515244538823,-7.278739726024683
9351,-10.781095427234195,-11.226150711030899,-15.321621451617856,-7.439649960977401
9352,-10.971987210586374,-11.521344287370344,-15.618258140355932,-7.528846480598523
9353,-11.013995608353124,-11.830622234484862,-15.91293770483651,-7.555940300721273
9354,-10.990458836699725,-12.130563858996847,-16.21933688132436,-7.554799932797442
9355,-11.035360488546567,-12.419939048474305,-16.534906500577666,-7.558705242386819
9356,-11.254780750410127,-12.70289092112339,-16.851731236877015,-7.597602545046332
9357,-11.471189538447488,-12.98251106028939,-17.163149313267287,-7.637438612709898
9358,-11.491135503551893,-13.264672485487774,-17.469272497014497,-7.646751960839926
9359,-11.482381029527899,-13.552893853811787,-17.775071725886637,-7.703927337060623
9360,-11.637215516181842,-13.846196575359802,-18.092706334415798,-7.88314883825567
9361,-11.843116025122875,-14.14585129840854,-18.424628822679356,-8.145200535702335
9362,-11.955631032639147,-14.447366559564305,-18.754799511725615,-8.419626731013068
9363,-11.940631787467222,-14.721012886408326,-19.056339449420605,-8.636524900242991
9364,-11.817547428969897,-14.94283858550091,-19.30930755572956,-8.750448845346853
9365,-11.808470682475994,-15.13630993097302,-19.515664042818837,-8.837275608384761
9366,-12.092131246738832,-15.329784220291359,-19.69332489767851,-8.982269966373828
9367,-12.373429642939826,-15.514047657724397,-19.842988523144175,-9.114021894766777
9368,-12.327260459490192,-15.671477207587413,-19.943418127448926,-9.148256507359896
9369,-12.10629297337417,-15.791231222083814,-19.98745115728272,-9.135186386003063
9370,-11.94236924162064,-15.868872364723574,-19.99402677370735,-9.141656067495358
9371,-11.844127312040248,-15.922422275167861,-19.9882651789583,-9.175395650734718
9372,-11.774899528986271,-15.97385322673562,-19.981680926129815,-9.228778421539387
9373,-11.62168477921613,-16.02304509979802,-19.972627585867837,-9.257106998586105
9374,-11.292190136793755,-16.060104114391862,-19.957405460245983,-9.21938802652243
9375,-11.027379702672963,-16.080594762796316,-19.92679542779366,-9.185002839187968
9376,-11.060207071343124,-16.079662950854146,-19.870548317370044,-9.222259372241718
9377,-11.147252017583662,-16.03753449817935,-19.77585847534836,-9.244548546341948
9378,-11.003265963527321,-15.950576756909209,-19.63337994795611,-9.158557684040513
9379,-10.731180230512674,-15.873171870198265,-19.44511164328432,-9.014009570290218
9380,-10.496901702837505,-15.860129066788872,-19.218493698695475,-8.879547984256659
9381,-10.332996705607743,-15.907976479555794,-18.956687696417877,-8.764572845933348
9382,-10.239498214299564,-15.987499370184896,-18.66720799958642,-8.660365038182052
9383,-10.088117221483873,-16.064174957822015,-18.370332972620275,-8.500704988750785
9384,-9.764403053308895,-16.102336680541654,-18.08542620681063,-8.236062157974136
9385,-9.487355041917818,-16.086570759303687,-17.821688947976487,-7.9834036030715385
9386,-9.476221757904579,-16.017459808618337,-17.577333165398503,-7.86418237112623
9387,-9.530384102352476,-15.898943092410793,-17.33408442374046,-7.811906216143608
9388,-9.407651773434745,-15.742130914050914,-17.068991151936686,-7.7261364342591
9389,-9.16893012710609,-15.565381461888979,-16.768510142419167,-7.599210580153861
9390,-8.92929133376656,-15.382974699854989,-16.425891828891206,-7.443190332871188
9391,-8.750183222984989,-15.199853786587255,-16.042169126297363,-7.282115753820469
9392,-8.66418270059822,-15.008903501147515,-15.620846037774726,-7.140287733649355
9393,-8.510110206664045,-14.787528361216228,-15.158282566929612,-6.965573764970917
9394,-8.139334146613088,-14.51302704090706,-14.650362044199351,-6.704331805927612
9395,-7.7721896580469725,-14.170589233492304,-14.097118690085376,-6.412182799318824
9396,-7.639796487453168,-13.763997919435916,-13.50688786941883,-6.150493414433672
9397,-7.5866277920364436,-13.338692473069745,-12.885977467596351,-5.885447216600693
9398,-7.402253928802607,-12.939854563784486,-12.249494258597228,-5.570331712456511
9399,-7.060862383168253,-12.567176971053676,-11.620337402509547,-5.189070198851463
9400,-6.5938619935980425,-12.201588676416367,-10.997841711405233,-4.7442600779489075
9401,-6.14907260437653,-11.814051682296999,-10.354694802059699,-4.305346494810626
9402,-5.856288675714956,-11.3855083740054,-9.670104424301568,-3.9375261592087116
9403,-5.495821890900339,-10.950945947993208,-8.946595810346247,-3.5721989515350727
9404,-4.804507649951389,-10.579504391867566,-8.229927145457465,-3.12445308691702
9405,-4.168757329814695,-10.29011842350025,-7.603092187190184,-2.7671011737466835
9406,-3.931121729100482,-10.092054131796614,-7.096854658019707,-2.6415439666619167
9407,-3.8723023082658328,-9.937254012768935,-6.67342611863614,-2.663717502005899
9408,-3.6651096425999494,-9.760158084620349,-6.280788493674986,-2.6828208676375813
9409,-3.273335416165881,-9.551378698923534,-5.890655887824267,-2.6177011450229912
9410,-2.7666260679391064,-9.321407283609117,-5.503238917202478,-2.4283568909432307
9411,-2.3318756241892156,-9.058926004306722,-5.132526095274362,-2.15669907383439
9412,-2.5231064204928235,-8.784869131247698,-4.988739125943397,-2.174191942162543
9413,-2.7349291075632425,-8.506400900864444,-4.845767974260723,-2.1730656217344557
9414,-2.687062032997546,-8.254236333980009,-4.726763128555253,-2.137772007470544
9415,-2.531114347894684,-8.02170652409419,-4.618469679219407,-2.1266369051825613
9416,-2.5026205558551915,-7.791073792921588,-4.484000809456193,-2.189721744550972
9417,-2.509166935164237,-7.568805227753659,-4.313919747110578,-2.278755217198333
9418,-2.404886234492565,-7.363904152532591,-4.136002998348892,-2.323579824760114
9419,-2.178525958898125,-7.171558802734488,-3.9724974256815346,-2.294313265521055
9420,-1.8630318950919353,-6.982240713615883,-3.823397334716582,-2.190910589627479
9421,-1.6407407628362447,-6.785216909111329,-3.6854188363046005,-2.076767954108084
9422,-1.686355791228738,-6.570316270408177,-3.5504146045099465,-2.031470629730627
9423,-1.7826542637347416,-6.324067886310443,-3.41763858504761,-2.0483491403426757
9424,-1.6560234080902796,-6.0439844959269795,-3.2964374335636477,-2.0958078948731216
9425,-1.4685069479086594,-5.768846333007175,-3.2023052293899723,-2.210660343268224
9426,-1.4613721544777871,-5.537898893434316,-3.134138215803991,-2.4235483306636234
9427,-1.6021778686652843,-5.340014874021727,-3.0701883060913673,-2.689592681185767
9428,-1.7807949863912966,-5.146020743422105,-2.9831386418254704,-2.9466882538784676
9429,-1.838006641871001,-4.926512718112719,-2.869332358513909,-3.135066090122916
9430,-1.6414292625589313,-4.669571204670765,-2.736949020231746,-3.220836718613796
9431,-1.4051923520523972,-4.426813247319763,-2.595959677046935,-3.2851470472553137
9432,-1.3977912648108939,-4.264470452133352,-2.4558044002788257,-3.4238840548111638
9433,-1.4570418872801354,-4.20285091288532,-2.316367758714712,-3.5874213413189926
9434,-1.3360738086728565,-4.2239923729072135,-2.170269377048474,-3.6881095636157477
9435,-1.0962429070578217,-4.265403971592602,-2.005180528820944,-3.718479952232287
9436,-0.8631008183454104,-4.249063770385293,-1.8120626307626657,-3.694696367763944
9437,-0.6933112628734289,-4.125648691600742,-1.599831484349425,-3.6410637505538124
9438,-0.6158887265569339,-3.8800722190458385,-1.3848560352661337,-3.5878054991981947
9439,-0.4605290784396099,-3.549473827333905,-1.1761432578719642,-3.508922030678782
9440,-0.048524570176796455,-3.190855912998908,-0.9784516165378438,-3.3680491414106157
9441,0.3877270982497346,-2.82235513634025,-0.7942863903254667,-3.2159010594991777
9442,0.5665487395086055,-2.4481739258901922,-0.6202519456217938,-3.1078909310912874
9443,0.6634225204280977,-2.0870738717249164,-0.4480440993174837,-2.9917203254943354
9444,0.9366636387188096,-1.757951620956948,-0.26798447101154554,-2.80323840385729
9445,1.3717408282628176,-1.478373090105606,-0.08064619070029183,-2.5577227282759702
9446,1.8662841633179141,-1.261596833826556,0.10751696143391476,-2.3015987519066177
9447,2.228431563499642,-1.1074081398992905,0.2740373152043261,-2.107157329912251
9448,2.2828816020198124,-0.9998941519516324,0.38154781789335346,-2.0351487504496566
9449,2.246316314557148,-0.9085611416020127,0.4118154107235526,-2.0363070998271304
9450,2.4017723142598713,-0.7999741189749618,0.38641689802125867,-2.0253953367606434
9451,2.5548563970053855,-0.638578298191948,0.3470709265657586,-2.001114721646082
9452,2.4362766538648573,-0.4113435233185877,0.3139769687888023,-1.9815259845865727
9453,2.173875660317861,-0.17084012147224548,0.2762750060515442,-1.9265540213148866
9454,1.975623131080031,0.017260055590310377,0.2206385041908625,-1.8081220388135766
9455,1.897979525053547,0.13659137938499039,0.1462490786321477,-1.6656384076130606
9456,1.9466884900139625,0.2008972700457917,0.06815782663826592,-1.5519628435975685
9457,1.989426034668195,0.2529357637955542,0.009170022779036835,-1.5216127569164233
9458,1.8713141958459054,0.33977549756376374,-0.02521164125530545,-1.5984856617148393
9459,1.7448427289236161,0.45339983851836874,-0.04151613901633444,-1.671983648266961
9460,1.8035694484327889,0.5629930169228615,-0.056299292342293195,-1.619745424994457
9461,1.862902223713803,0.669646392138381,-0.07826871725615375,-1.496206628682437
9462,1.696722149012152,0.7761275316083289,-0.11163427037373636,-1.407163482277502
9463,1.401059221666215,0.8510755911060116,-0.16296436202260578,-1.3744376515046346
9464,1.1531638429906301,0.868528832549551,-0.2307404293622839,-1.3926193866377035
9465,1.0895903184138853,0.8488807456729138,-0.3082569893876244,-1.4360805640597356
9466,1.28982907738525,0.8240322856210865,-0.3807468639841076,-1.4647656912790517
9467,1.5316403894932615,0.8072042592805544,-0.44281646935401486,-1.4978563299185144
9468,1.5470793354427421,0.8021731882823093,-0.5044650101757989,-1.5658827390154382
9469,1.5080206520082988,0.7930207860698262,-0.5737691497807924,-1.6103096417088605
9470,1.6651502391183723,0.7613154902288559,-0.659180585698803,-1.5733930028142895
9471,1.8768962450861024,0.7283911130678772,-0.7647841135818907,-1.5188090439303796
9472,-12.699223442793384,-15.220851920416985,-17.530916541607937,-10.064561564187132
9473,-13.072431822678094,-15.574928226487247,-17.999385076792905,-10.369867007447457
9474,-13.483269665891974,-15.918540162226057,-18.427488747035195,-10.67431314822861
9475,-13.79614524455107,-16.244590655365286,-18.80053271787964,-10.927232726852766
9476,-13.892616139108288,-16.535986670557257,-19.129323607112937,-11.080052072514746
9477,-13.979708039891104,-16.781488288521672,-19.447658004634647,-11.222851649515597
9478,-14.267768494748548,-17.005008290413073,-19.788261639974035,-11.448386241713473
9479,-14.57297204615767,-17.2678274799773,-20.15631654753351,-11.707476923663288
9480,-14.68200758622109,-17.620756492796065,-20.536410510287016,-11.933152810800596
9481,-14.682255584929566,-18.076357455283173,-20.909697924642884,-12.133104309342167
9482,-14.713337265802318,-18.605957535801014,-21.26867754738422,-12.330269877364778
9483,-14.859329830557801,-19.15158128195652,-21.618152326228902,-12.568348007324259
9484,-15.16072820459939,-19.641866814166146,-21.961888410718842,-12.874964575546588
9485,-15.43544616132524,-20.046684653493166,-22.3027938000235,-13.158130695996746
9486,-15.50440866370225,-20.381923183983048,-22.6466653210644,-13.32406154873422
9487,-15.574015299784193,-20.674054277366913,-22.982184418445417,-13.426774912238189
9488,-15.866815327772855,-20.947121318931938,-23.277324774279403,-13.543269799157244
9489,-16.207396007101785,-21.21070507972534,-23.50565684960663,-13.670715716186756
9490,-16.380477489730865,-21.47252276336977,-23.660722005847983,-13.785933874911334
9491,-16.395722625798655,-21.73027379042372,-23.758354034187246,-13.84161898725823
9492,-16.329702123122118,-22.00060236238423,-23.8272821225812,-13.802498267943784
9493,-16.35927217693229,-22.317263723249468,-23.88706476835568,-13.749797916558178
9494,-16.63061662873095,-22.683481405055982,-23.955367350017635,-13.773766824022355
9495,-16.92330549664524,-23.07094706414942,-24.03719587109058,-13.824406414102818
9496,-17.001004199629634,-23.434382151596356,-24.139940550999018,-13.841053132769709
9497,-17.078600713076,-23.745840318972146,-24.270655186959555,-13.879470666062453
9498,-17.402630662550663,-23.984951474783813,-24.42431078991344,-14.002626038780159
9499,-17.86693124555172,-24.140045910190096,-24.588553593569085,-14.215880637322517
9500,-18.30075916751842,-24.217946185417333,-24.75828860902531,-14.49836589747429
9501,-18.58595605600267,-24.269076588602314,-24.932987032174417,-14.767316501645915
9502,-18.657105664664225,-24.368948171860918,-25.10591962656437,-14.943534522921098
9503,-18.73146230326025,-24.53081107001289,-25.257194021791857,-15.08488054851767
9504,-19.01849964893868,-24.69598196272575,-25.35749139375192,-15.257934804156886
9505,-19.252578456386626,-24.808128324112104,-25.383255783998653,-15.369662756822734
9506,-19.13977641420059,-24.843624160874462,-25.331873229159083,-15.32541754216969
9507,-18.839103516910882,-24.79975144995029,-25.216584677514295,-15.182148452033541
9508,-18.580037848822702,-24.6732411061969,-25.050951128605195,-15.023620977856071
9509,-18.393337201295846,-24.45601821035273,-24.836601357624698,-14.875943274587568
9510,-18.25497688468435,-24.154684313681877,-24.562323918358516,-14.753043973341283
9511,-18.034531646434097,-23.79128101120335,-24.231599986086337,-14.634919096882507
9512,-17.60342014149039,-23.39190684666124,-23.86649526608679,-14.494629776232674
9513,-17.133404484824485,-22.98291562778563,-23.481817631707987,-14.40302659838712
9514,-16.806249640853302,-22.57026593729676,-23.074819160803795,-14.408026363985655
9515,-16.416228842057276,-22.13522597060132,-22.6356710793476,-14.361842860842197
9516,-15.750815136041997,-21.64326306521457,-22.15053222508725,-14.115276549308804
9517,-14.952131637233887,-21.09025637239238,-21.615928766294385,-13.709340387780363
9518,-14.22096131367022,-20.51179229716285,-21.03709299367776,-13.237044825171616
9519,-13.655989333524307,-19.939683101737053,-20.429251970326003,-12.770994789172224
9520,-13.285265309039152,-19.37369937496567,-19.807017886078704,-12.360680406237053
9521,-12.905918346213669,-18.794632642221583,-19.16905752780098,-11.928607633062802
9522,-12.305002708896664,-18.168186274547626,-18.50669835472231,-11.390498630173543
9523,-11.643991809945671,-17.46881363235943,-17.813327947338863,-10.847351663641282
9524,-11.1233811418647,-16.688997584330572,-17.08298130620185,-10.413469933878437
9525,-10.58806822911234,-15.846544107768686,-16.311804912305792,-10.043153340364125
9526,-9.874120347690354,-14.976172332097534,-15.502153425009732,-9.660053896714459
9527,-9.082928087549638,-14.124671783417693,-14.66125433292723,-9.229088253923646
9528,-8.359932914645468,-13.324874391687601,-13.801230204671551,-8.732773083837278
9529,-7.8446225488034935,-12.564478823254541,-12.933059984416643,-8.22903965165134
9530,-7.603983038429742,-11.81229883618312,-12.06363392291218,-7.777500040112603
9531,-7.363123125233676,-11.041917849783378,-11.17887326277819,-7.297614851942538
9532,-6.873749994204931,-10.299497924713933,-10.31244318976852,-6.754501179701682
9533,-6.4930728278650145,-9.72574001979547,-9.584977514286072,-6.306987898132078
9534,-6.581496778769391,-9.393594810037145,-9.05289496022241,-6.119831992812782
9535,-6.791843991908636,-9.242872007718523,-8.659809941910996,-6.085762619775003
9536,-6.643960299745806,-9.171020775556016,-8.334357422384524,-6.0035779437758015
9537,-6.11547599925107,-9.105730502767177,-8.061332467773596,-5.742465368497564
9538,-5.355950329951124,-9.005880715884793,-7.827314749400819,-5.246845922981058
9539,-4.597189201374635,-8.85303089083285,-7.606611153523276,-4.620857173675723
9540,-4.568563148083815,-8.265662332319161,-7.066806779139706,-4.491492445001172
9541,-4.556021343844307,-7.714750374529529,-6.531317466311072,-4.3381303838048755
9542,-4.301470689016995,-7.214500318182794,-6.0000870067628975,-4.1210573337158305
9543,-3.9787276871230803,-6.73591683563019,-5.465514994005904,-3.9003441360269
9544,-3.83961006401997,-6.261578473738203,-4.927989922605335,-3.7398864407645065
9545,-3.8001446458481354,-5.808418262608566,-4.400732531911067,-3.611098459080739
9546,-3.7058791120141885,-5.398587641576146,-3.8929243025611777,-3.460768164081706
9547,-3.4984456374866015,-5.020877514386997,-3.413030836231085,-3.2404721795104723
9548,-3.160037132639198,-4.619756951936744,-2.964604417120919,-2.919574872446048
9549,-2.8560257342213036,-4.139415889929165,-2.550440525069729,-2.5744443163305095
9550,-2.766309138512482,-3.5717169892505374,-2.1667103463470916,-2.2968636279232655
9551,-2.7123854826878375,-2.945562193042628,-1.7907390301607442,-2.0171118993135755
9552,-2.455864962474511,-2.3102715462313195,-1.4008396600667123,-1.646059203280657
9553,-2.1196964713458577,-1.6948288088454957,-0.9859597870291201,-1.2649192415853276
9554,-1.8957206976876333,-1.106183545208227,-0.5508948569774234,-0.9833422423644882
9555,-1.7569274639223826,-0.5513571574581384,-0.10141822245771626,-0.8112813868435387
9556,-1.6361427124243277,-0.045253464392611006,0.36415842503462476,-0.7222925716823612
9557,-1.4771943067289743,0.40949023124872835,0.8347285488246927,-0.6497732395352447
9558,-1.2446780741252224,0.8228151803427284,1.274603479920256,-0.5273253284155531
9559,-1.1340191386825633,1.1917463238738315,1.652026162980756,-0.4144086024995772
9560,-1.341429783896975,1.512346673081957,1.9666248590131477,-0.3975866590761924
9561,-1.6419168245224602,1.7810590689959827,2.22967679490653,-0.43485907428257453
9562,-1.7376599992849775,1.9963424594587644,2.459229318202675,-0.45723037722144116
9563,-1.7003832733294941,2.1632381443896143,2.656197606336236,-0.4762084465553501
9564,-1.6896146755751589,2.293587427771414,2.8159489576800967,-0.5126442513849686
9565,-1.7338729457840585,2.407495212786756,2.956370885067239,-0.5642529878103434
9566,-1.8243752704556129,2.5241840499210983,3.1202669302571953,-0.6205478358059067
9567,-1.8154541087300262,2.6508097291994996,3.3333054771866673,-0.6131570689610557
9568,-1.5597751469954493,2.785392197363676,3.586423066433881,-0.48367252177093867
9569,-1.2705647960361885,2.9204398612672717,3.8517312609639522,-0.3169363078176147
9570,-1.2072030689487672,3.05038448801226,4.099691996871282,-0.22422536969512102
9571,-1.198516156126446,3.1734999427152353,4.305744966026254,-0.19115962063436737
9572,-0.9981499894322747,3.3015278987960217,4.451988152252564,-0.16688146116038322
9573,-0.6685954720748981,3.4801922675088384,4.545329262658288,-0.13451632565335053
9574,-0.34122151494010156,3.746692654583402,4.6216733645580765,-0.0847163266348514
9575,-0.10318074777526814,4.104529514507767,4.716328611984693,-0.05047888175132642
9576,-0.011126078041348686,4.511227743989844,4.83840937257254,-0.07038908309286751
9577,0.13429287034540527,4.886720265245401,4.9788741271398385,-0.08608892319405664
9578,0.5437991836438886,5.159575792494644,5.114924190819941,-0.028646287870861098
9579,0.9423911841977409,5.308140110558028,5.237414822819124,0.049798485586265095
9580,0.9919498159274001,5.3562917388542886,5.3439717980317,0.07413385860108412
9581,0.8645004591483681,5.349255207955063,5.430179005778693,0.062384568786839734
9582,0.8371341551874253,5.344919047957624,5.495851172257463,0.04767829936803514
9583,0.9177442147636126,5.391589512500834,5.544663389242167,0.016410950895163978
9584,1.037871683203817,5.4943758503312425,5.582690942256516,-0.04595789996701338
9585,1.043482524832228,5.623851988324512,5.621898684527623,-0.16185073266170136
9586,0.7968406672388694,5.75494309857534,5.672693447719182,-0.33479448698222336
9587,0.5391581339471412,5.880138071094215,5.7341376212557025,-0.4498394324041993
9588,0.5720816151811398,5.987309040862703,5.799652032987595,-0.39259361032616724
9589,0.7562926956026284,6.051925299143136,5.8604156323959185,-0.22861555333634365
9590,0.851569850310993,6.066183721447053,5.9075406585561,-0.07573600934503266
9591,0.8862925360729439,6.033372978750664,5.942698722491378,0.03245816581457306
9592,0.939859269728039,5.9633296807278,5.963284476184315,0.09070040147760194
9593,1.0375211389683296,5.8668949965304344,5.963434753702456,0.12250995035949996
9594,1.193770122092953,5.743037589053639,5.925416262569176,0.1633017961016081
9595,1.2709576934796454,5.583017004021263,5.828862466771172,0.15982409184792434
9596,1.1263286132060424,5.365911293139853,5.678116750146823,0.052083288477417944
9597,0.9482203552060385,5.073921585402453,5.503876313269908,-0.07861311454288566
9598,0.9630108176851905,4.725008055079225,5.341333393365709,-0.13310951949839311
9599,1.0066456459198405,4.381469979031037,5.201695496313488,-0.1498048956442548
9600,-22.50052338879959,-11.69063992670467,-11.457639425995994,-19.157969030104123
9601,-21.73920290884764,-12.265022320105318,-11.903199839885279,-18.373144204088835
9602,-21.04393536582344,-12.864282708553976,-12.305198336361098,-17.580872279207107
9603,-20.27464018163936,-13.460973963968387,-12.683488173150762,-16.725926116392102
9604,-19.307667103980855,-14.025871825424696,-13.065729644986133,-15.768088559231437
9605,-18.385778962155328,-14.540804972544196,-13.471872044873312,-14.816144348859833
9606,-17.746966707213534,-15.017130215014893,-13.907995098814467,-13.983616756356724
9607,-17.137838518534004,-15.480152486926464,-14.341628766273935,-13.208296338646118
9608,-16.267136047463612,-15.955944402401526,-14.737186727243328,-12.39630021632629
9609,-15.232310723921938,-16.44738668797225,-15.1018011820717,-11.540246296202735
9610,-14.204405011655581,-16.940507618304917,-15.457225742148173,-10.651928414421244
9611,-13.270449892255355,-17.40406723416426,-15.817366547021258,-9.766132657270212
9612,-12.475348240372039,-17.819047847581817,-16.195221898697795,-8.915236987301405
9613,-11.645780583742681,-18.189509611890596,-16.594388386667518,-8.024868363663954
9614,-10.611185915354012,-18.554252353964433,-17.0139592846867,-7.02813271391256
9615,-9.600432047251196,-18.96088147082624,-17.464375026919466,-6.027783098806488
9616,-8.859011216879347,-19.438937389091013,-17.952258922549785,-5.136464970156732
9617,-8.21129034355724,-19.967584759179108,-18.463097850175185,-4.317255347802869
9618,-7.435835974200727,-20.495912548891297,-18.975669474032802,-3.5010739864912206
9619,-6.554457763146885,-20.983049688438925,-19.47690532729766,-2.6590178917254796
9620,-5.645516270820502,-21.412608874268173,-19.953831272628662,-1.7726596560472705
9621,-4.846563077287456,-21.785063481150285,-20.38393229254878,-0.8723167289746755
9622,-4.255713221625498,-22.077680155126238,-20.751013982881517,0.010811026601521254
9623,-3.62713268704509,-22.24042513836146,-21.062835834625012,0.9447705172279357
9624,-2.7052107845907547,-22.27448532676785,-21.32997541319961,1.9980849557124492
9625,-1.6862926563143712,-22.23490591221935,-21.54661308763877,3.125072775635037
9626,-0.8106745855173692,-22.187014087526226,-21.70269780291585,4.2559143831822235
9627,0.03446097794219426,-22.176777549980287,-21.78754957577447,5.37321136939606
9628,1.0030283809560012,-22.19990086435083,-21.796905262594187,6.461843331994733
9629,2.12749345878982,-22.21516271681218,-21.74832567824692,7.500730407514717
9630,3.3880059293271985,-22.173056105980116,-21.665351996206756,8.477606058692285
9631,4.559385082338098,-22.075088247396256,-21.561058153554534,9.337753659653563
9632,5.451191298934484,-21.938052195805223,-21.44169405474302,10.062108620204985
9633,6.341411663813267,-21.782755893036143,-21.304969898208366,10.808459738022524
9634,7.536706283453344,-21.612765076721132,-21.14756550396321,11.726086421872838
9635,8.860950926538788,-21.429809839771465,-20.974010507522262,12.746015924868404
9636,10.073039035858244,-21.229798318853064,-20.79527298443158,13.749810044275653
9637,11.19219397842516,-21.028027025488687,-20.632781435435607,14.695556742417455
9638,12.291206819128325,-20.82800607621927,-20.501408643960712,15.573018295405307
9639,13.501399768689042,-20.614815375221927,-20.389236249773898,16.45406458603694
9640,14.914029446447453,-20.357098678088615,-20.27213007750296,17.410256801537038
9641,16.261636869895373,-20.037483380360204,-20.124408581644378,18.345389030749914
9642,17.271578395397746,-19.68033316014705,-19.926724385052527,19.148096907398376
9643,18.143615402947663,-19.336647479686548,-19.681220821171152,19.87283487573126
9644,19.13470355369755,-19.034540976850003,-19.40062122138224,20.595063096179352
9645,20.16680480814698,-18.781575833809686,-19.09467092340132,21.293945260990494
9646,21.110588161401232,-18.564890100535667,-18.770793937375608,21.935436281406535
9647,21.918756998582403,-18.37304488546812,-18.42901422924541,22.49943079475857
9648,22.581521937077408,-18.186636655334155,-18.06429170920987,22.97654582792267
9649,23.278682162799928,-17.974430857799454,-17.67804391824215,23.41887210519082
9650,24.181123522101593,-17.708968403363812,-17.269181035099383,23.886441953269966
9651,25.097524825650353,-17.353124619426662,-16.81943129893531,24.355859510265976
9652,25.81197275067364,-16.898409792297418,-16.31717429839434,24.795031763499104
9653,26.47737545269249,-16.365782445020844,-15.778591835126129,25.25543214446334
9654,27.281536432735983,-15.788168671753768,-15.230270300534618,25.78092517786028
9655,28.172821144568147,-15.184794433760699,-14.702295896992037,26.32394667056119
9656,29.05914390564747,-14.565971176487421,-14.213096568874246,26.827002757909646
9657,29.857436389014453,-13.931435448216687,-13.742548471400957,27.271137292164376
9658,30.51375933321065,-13.275771271440293,-13.257825152130833,27.66206846855268
9659,31.20889909931803,-12.599313077584485,-12.743020164064,28.066543040857997
9660,31.98541165785397,-11.912148135605468,-12.204795350207492,28.444907256674835
9661,32.32352199987583,-11.2477015433209,-11.664838054171666,28.53897553738956
9662,31.70321349984943,-10.625302908925164,-11.154368777089783,28.060682952828024
9663,30.48365250875958,-10.052908619926715,-10.671459712342179,27.07062736098993
9664,29.25285049240148,-9.49806681155877,-10.195864185439106,25.777568839841294
9665,28.093843012982234,-8.951128067211577,-9.715279403615437,24.282887811759394
9666,26.917288931880964,-8.430045511042819,-9.219816410530138,22.66063067115545
9667,25.57545635316488,-7.93703444667682,-8.700150102736437,20.9571208307814
9668,23.6932015878675,-7.400751550236455,-8.062946550629247,19.240233778310873
9669,21.733511235916225,-6.799293301431548,-7.386024233710102,17.5694548209967
9670,20.005524088768137,-6.14140779458232,-6.663102449642896,16.045072791423443
9671,18.33874392529513,-5.45317043640624,-5.9115410245113384,14.552128433227917
9672,16.473791384442872,-4.788184476121045,-5.159774510700556,12.942879782256641
9673,14.521362018005366,-4.204954597324679,-4.434580035074672,11.259339169353611
9674,12.665581375257407,-3.7005073310424166,-3.752989938367457,9.599825088171063
9675,10.962744707027339,-3.211749216435263,-3.1069227323353523,8.021766779494463
9676,9.42701602481666,-2.690085495725058,-2.476880978091846,6.566146699000351
9677,7.909024199733439,-2.132811412412218,-1.852216729036066,5.174126888836125
9678,6.248226629762644,-1.5643933641214463,-1.2303658861194504,3.771652643079444
9679,4.65725586550766,-1.0226718307022378,-0.6174053108354007,2.4718768239888615
9680,3.3952426269496305,-0.5285519014977262,-0.027526071621266787,1.4029976485370366
9681,2.2788044072967657,-0.08504632237570735,0.5191701002332999,0.4670796287771875
9682,1.0517496012906877,0.31644276571142893,1.007728351667276,-0.4789854258672141
9683,-0.22490273436720742,0.6734436571046625,1.4428775106243699,-1.4468659836457218
9684,-1.4141843222427433,0.9751443820105784,1.8392587216166878,-2.402981393538408
9685,-2.4040944719722934,1.2187599404802751,2.2093118031206274,-3.2844066782212766
9686,-3.120903626746878,1.3998272723633614,2.5613043768576453,-4.024942339718235
9687,-3.7869171029641224,1.5384199062646593,2.8952113539002307,-4.674262856353149
9688,-4.651541185535056,1.6832959956823648,3.2026717651132794,-5.312804111388344
9689,-5.493537030765937,1.8631903056745964,3.4677524607771915,-5.904245430621025
9690,-6.009274313765546,2.076070498085321,3.676665505188811,-6.395318754120559
9691,-6.301288314188346,2.311772002829434,3.830254775048124,-6.826576003414169
9692,-6.568674083795667,2.545372583430908,3.939487046283638,-7.249388826241722
9693,-6.862682611800517,2.7498209048508766,4.021191119387611,-7.6737690267323915
9694,-7.1993265145473355,2.906034905276475,4.093618535055193,-8.08878104462729
9695,-7.486480092943067,3.0088977778675643,4.164983068197134,-8.425384692225235
9696,-7.6164986946495645,3.0721182485765985,4.237069625209052,-8.614310121394396
9697,-7.772826821671625,3.106266643168523,4.317719923394065,-8.709800509322262
9698,-8.160425442666957,3.134141558033492,4.4102716153889325,-8.794516856065732
9699,-8.578946742109535,3.1907509103251157,4.495746774191333,-8.838943904795787
9700,-8.761556203969052,3.2820831215103583,4.5556872758837,-8.797747596552846
9701,-8.757595784860442,3.3792805194064433,4.599348030654662,-8.708239150956732
9702,-8.692271041122185,3.4698951359143853,4.645936462603671,-8.616565264450793
9703,-8.631040312926494,3.572597642076911,4.710104928252532,-8.544036515264299
9704,-8.610395521873519,3.6870354444420705,4.800441582351869,-8.488291119021135
9705,-8.44554605748891,3.7887645373740755,4.907036150794669,-8.36219339658252
9706,-7.952976971749517,3.8460937147902206,5.0109594010494005,-8.076477314971823
9707,-7.405727752995348,3.8570429561756834,5.104136593685759,-7.677492846321942
9708,-7.145675668625152,3.830232748612594,5.182342119055064,-7.256674881716908
9709,-7.066561968695039,3.764139213930423,5.23433640709887,-6.842188648461909
9710,-6.94961494303064,3.659001735737715,5.254614589979949,-6.446000721767017
9711,-6.765082879581268,3.525565986592435,5.25589051822885,-6.084249826905262
9712,-6.526210048000488,3.3725720496100826,5.255365516184257,-5.756082754177444
9713,-6.318216765739666,3.212669112344383,5.263533892389796,-5.473104232257544
9714,-6.238861509786675,3.0504318262903727,5.283589382988304,-5.240103162137382
9715,-6.1149032170394975,2.8923677987489658,5.303677714652558,-4.972582383544877
9716,-5.7545794506529315,2.753683591011233,5.30770528780547,-4.5961692727567485
9717,-5.38327252796468,2.6332976980490646,5.29212752022624,-4.22064506454832
9718,-5.280688472220166,2.508708432303686,5.258164784169691,-3.979152310050893
9719,-5.335929061043978,2.372489617025748,5.210113829681451,-3.8130648306007084
9720,-5.349198349517959,2.2466138432930247,5.149823387469986,-3.6208298487527686
9721,-5.272257856191889,2.1453410633890058,5.055998683303939,-3.3949129219947363
9722,-5.104182153729363,2.078244069386573,4.908860601667449,-3.154694724409996
9723,-4.983772025342542,2.02277077106383,4.723642804668822,-2.9601901301866564
9724,-5.056240734933268,1.9501011901088638,4.527161183013797,-2.8651391857409996
9725,-5.091909238696887,1.8383928585313944,4.342633522644339,-2.7694991490345346
9726,-4.8252017931935125,1.6944343503122852,4.181997936709512,-2.5499167212888545
9727,-4.480887080713016,1.5417728206002617,4.016893067672924,-2.2534618718082267
9728,-13.778362889244033,-14.558108811689408,-13.976061354874606,-10.890152306810437
9729,-14.064024316823968,-14.984077926856227,-14.25624144411172,-10.94564987523236
9730,-14.30910705421031,-15.351062404875297,-14.518333847872196,-11.046175536185354
9731,-14.373270741211378,-15.680166878430336,-14.767455185106211,-11.1381334879716
9732,-14.165709927410573,-15.994861235575074,-15.001808683745097,-11.160569588881906
9733,-13.946601561591569,-16.258781860481854,-15.210136726179716,-11.182939000786336
9734,-13.983885583502891,-16.43843159945118,-15.395225264795434,-11.282056143813973
9735,-14.092109454958335,-16.5902735581912,-15.591080026732406,-11.405520816386543
9736,-14.031952969539727,-16.773013283853718,-15.842888884346069,-11.494842098031468
9737,-13.893182894188252,-16.95102303521555,-16.16021338232515,-11.597054083826762
9738,-13.81132342844806,-17.081409654166166,-16.513172039817032,-11.75940412158099
9739,-13.82596300438563,-17.186942416213487,-16.86125134060383,-11.96824537585713
9740,-13.941696972380228,-17.29989031389954,-17.176308972889682,-12.187053589204746
9741,-13.994436237293055,-17.440558258741902,-17.448179740040977,-12.324306928409017
9742,-13.839136834289842,-17.613015490517437,-17.685597377545008,-12.314130466066226
9743,-13.697389792174588,-17.770622648155218,-17.908764362710663,-12.26078812133955
9744,-13.806946745796397,-17.86392599041222,-18.13089519689687,-12.285110178141911
9745,-14.01273636995564,-17.890768566567054,-18.35222798229072,-12.352564605367693
9746,-14.10885530355324,-17.881119495629523,-18.55231252688018,-12.392819997479695
9747,-14.11160011179782,-17.898831317536967,-18.698882495797818,-12.377494804229627
9748,-14.08097874398119,-18.000859382208432,-18.7760678114174,-12.291972450089139
9749,-14.114269900308422,-18.188385886264008,-18.792690075173663,-12.18496473064441
9750,-14.281534237182337,-18.421818608568667,-18.76036650728131,-12.10994014029238
9751,-14.359451502811114,-18.626696857831735,-18.68242152889513,-11.994235941521913
9752,-14.141303262657209,-18.736278656033438,-18.571371217137763,-11.770312050479006
9753,-13.884697705548207,-18.74181818140683,-18.45556614090394,-11.541805206685238
9754,-13.87836931303275,-18.67786177702273,-18.358018795111374,-11.419929987592084
9755,-13.998355044309575,-18.614368332708256,-18.279859879657575,-11.374033579292313
9756,-14.048170775421475,-18.614653274481824,-18.20675599701447,-11.338682681016182
9757,-13.976671400546689,-18.68601968477753,-18.120605456646896,-11.265982446696263
9758,-13.771144235680584,-18.791609143270296,-18.008992216481367,-11.122548948065024
9759,-13.558668644396022,-18.854493719926413,-17.865180552388903,-10.957057037533312
9760,-13.460559604539391,-18.801495933801373,-17.690283762440938,-10.830008419836776
9761,-13.23742372317535,-18.62095371707743,-17.486967412074712,-10.689389032288855
9762,-12.666687138951609,-18.344267368046932,-17.262401043493963,-10.477029426393592
9763,-12.040084307100017,-18.02343867924931,-17.030392280530776,-10.253668432354177
9764,-11.676369760164489,-17.718510313209535,-16.80333836996018,-10.080021084761352
9765,-11.462015569159783,-17.482780624619902,-16.588710048314226,-9.916232029327045
9766,-11.19560287985575,-17.336688455530627,-16.383186447919666,-9.706419271305776
9767,-10.754825795987482,-17.233206089019355,-16.171770455246506,-9.410107409596833
9768,-10.080100375458196,-17.108335771481915,-15.932510306127526,-9.007945262015161
9769,-9.410275309024643,-16.944980848860155,-15.651906310150205,-8.585852739201336
9770,-8.987615603864253,-16.73988258863345,-15.331660039293958,-8.223306976468297
9771,-8.561182122080321,-16.476440986684672,-14.9799695378731,-7.810894435843806
9772,-7.846149640470194,-16.14784768711612,-14.607327085109073,-7.235858937380259
9773,-7.036467410470817,-15.754377829908087,-14.212465227537596,-6.586009915920522
9774,-6.371874622923742,-15.304724438042406,-13.791199510776172,-5.976638643914106
9775,-5.818396177304456,-14.847914740904388,-13.339079957448893,-5.430699983382563
9776,-5.2773718483319865,-14.420870099513381,-12.85941121607041,-4.935485609170691
9777,-4.5698457421119985,-13.968709208733163,-12.355701843956474,-4.397841247312264
9778,-3.5644136822029036,-13.428871742883969,-11.836277797708577,-3.738348902515675
9779,-2.541485767795398,-12.826616184627152,-11.30842382686082,-3.0758646813173876
9780,-1.7976182849677285,-12.199730616538023,-10.779165127713815,-2.5437354480075505
9781,-1.109681241144385,-11.541833500779553,-10.244839153743893,-2.0810758328876244
9782,-0.20584062967155828,-10.838983583253425,-9.69366753098685,-1.5857548176983123
9783,0.7897980754760555,-10.06830323485984,-9.098254886164932,-1.0252952731130403
9784,1.6957541331825228,-9.220736035749352,-8.439464346701401,-0.38859013832689937
9785,2.4325091495100564,-8.35009560456733,-7.723668158495437,0.2911542686220244
9786,2.9804728883740452,-7.520366370830296,-6.975911985847501,0.9621989358397803
9787,3.5817050492596874,-6.752603243968451,-6.215973481056036,1.6438070757440335
9788,4.415651063376643,-6.0872953559153435,-5.510817102553978,2.30809513044562
9789,5.087317846572975,-5.5288096746767454,-4.979429816237946,2.828004892668023
9790,5.184573641953033,-5.096348049827186,-4.654016043073738,3.0742324783697463
9791,5.074740128258472,-4.752662879016046,-4.453652942248023,3.160039021053193
9792,5.244338796412326,-4.449336112085009,-4.298169886754433,3.254030146557586
9793,5.561359952317233,-4.223453338185204,-4.144315295170513,3.36992329674965
9794,5.761781636676039,-4.1151841539888805,-3.9687853250440672,3.4652412813287974
9795,5.767508790713439,-4.060454671477694,-3.768284818357392,3.492761140272155
9796,5.511700636313258,-4.030414128351104,-3.6097914519126233,3.3304851653107836
9797,5.2329650387891675,-3.918038297920587,-3.47192579486136,3.118649835258366
9798,5.183653393846524,-3.706249890241909,-3.3479684137973575,2.937158009727731
9799,5.193739606424081,-3.4146757024085086,-3.221835806351936,2.753797967883541
9800,5.017747481069226,-3.088583250890174,-3.0792589551061713,2.517916818504185
9801,4.79152669082803,-2.7626532430949076,-2.918788388252132,2.282113296164289
9802,4.712996655310439,-2.46226632013351,-2.747823136453084,2.110190276932914
9803,4.779480826523716,-2.2167105336028623,-2.5618747099826646,2.0127166042282183
9804,4.92519131239068,-2.0365228254020047,-2.3455281772466536,1.9715575898881752
9805,4.965656412159543,-1.885137681234687,-2.097923682686573,1.8885071789364147
9806,4.734193985862815,-1.7140015631708831,-1.8378848555552711,1.6740394637030798
9807,4.462703986861884,-1.5092380768825622,-1.5901169913601645,1.4270558955748303
9808,4.444259339458667,-1.2720365371877878,-1.3672056970971442,1.2861805093677237
9809,4.516224086814047,-0.9931145482676129,-1.155030190605339,1.22547033475791
9810,4.421161197806749,-0.6740548614967883,-0.9163127083692463,1.1765089006327034
9811,4.1989694778877045,-0.34569508919290604,-0.6452828394777225,1.1388134724771266
9812,3.9543229057709524,-0.043005218348172655,-0.3791147564794646,1.1187468064900696
9813,3.736457624317158,0.2156378739082116,-0.141893750908052,1.1313876694116025
9814,3.5851710504196497,0.42431703333912446,0.0738656096949401,1.190909499876604
9815,3.3867251821378486,0.5974018229057477,0.282566156892579,1.2268998104212758
9816,3.0162869781656885,0.7556153269205204,0.4889808426098473,1.1693270247197571
9817,2.6721600766866427,0.8917411872933358,0.6888069934666281,1.088319656208835
9818,2.5802205339831183,0.9954448274509068,0.8869803533550988,1.0822075136163862
9819,2.575180926303485,1.091842974727277,1.1019473074654982,1.1497847416543658
9820,2.421561654947664,1.208513144127388,1.34009412245743,1.256924983220323
9821,2.1289250712515573,1.3433291924025463,1.5832320732400254,1.3711573877638035
9822,1.7871786783349315,1.482461496657361,1.80034998884165,1.4583195194815077
9823,1.5506419441842423,1.6056235068274647,1.9624949351793395,1.542423641030897
9824,1.5584099851480744,1.6965086342458524,2.0587109835661113,1.6603094148277993
9825,1.6288810510884468,1.769006678067057,2.107065464882182,1.7507389641313937
9826,1.5230926203872401,1.8476744897995352,2.1591479563859526,1.748846599364894
9827,1.3985677415318922,1.943653214814778,2.2713984251484813,1.7307580109659273
9828,1.4737484316938907,2.0585869779560055,2.447689671371991,1.7852300748722225
9829,1.6206495614223038,2.1756193067707197,2.6388360600080647,1.8675396756459768
9830,1.6567178422702395,2.272063233736744,2.79808327607269,1.899723726274934
9831,1.5688023717250796,2.352120309621319,2.9084376773680103,1.837903409415813
9832,1.3985391771826854,2.4230125629561496,2.976949871470094,1.6653554410429772
9833,1.3116427191927014,2.460862360360043,3.0209613573145533,1.4626892866511345
9834,1.4605487703870943,2.4399700110697222,3.0594090560319787,1.3298505922220065
9835,1.6141404586240744,2.3579912390169273,3.097054812618197,1.2266785547324095
9836,1.4884298826292572,2.228576529038425,3.128113338366714,1.0859195712981458
9837,1.2506799218104563,2.085550934345061,3.1568818285634017,0.9635083115813172
9838,1.1555067916135382,1.9685589122895575,3.202131928227646,0.9276160103981356
9839,1.1602409500542872,1.8964496576349115,3.2686038953516325,0.974747400136667
9840,1.1531275416297633,1.8721704375581671,3.33776205680648,1.0719280899703778
9841,1.0377790414953374,1.895174586254008,3.3895863642291064,1.1194645771171259
9842,0.7491476709563956,1.956413794671738,3.407213888664621,1.0292711744483198
9843,0.503103223442957,2.024520807763008,3.3943255573287536,0.9018636932522701
9844,0.5456875413604314,2.074562136661038,3.370016129799354,0.8717267893747062
9845,0.686525830159807,2.1350150118023508,3.3458114966753096,0.8901367751919741
9846,0.6545769555156977,2.2419868882808385,3.319326017639284,0.8621391556985042
9847,0.5593945204249826,2.3795987580103772,3.2860803747387286,0.7705669416422696
9848,0.573821414086662,2.5159908210941455,3.2388356144779906,0.6210411099522466
9849,0.6662405871951536,2.630221599295788,3.1710753893753543,0.45878997750076983
9850,0.7554033663688187,2.70669436178401,3.0819632206896634,0.3381397262539797
9851,0.6861664964798667,2.761613280378361,2.9754664880890878,0.20953343619965448
9852,0.33152907699403644,2.8170009594426926,2.848860986162987,0.00646558209385921
9853,-0.07291447174236554,2.8338068517799346,2.6887808646506506,-0.20688042104439447
9854,-0.23996713089233793,2.7695518654724074,2.49502178907451,-0.346675652130389
9855,-0.3269357151535602,2.6729563996364103,2.301579042819206,-0.4555533339923802
9856,-10.231136162216021,-15.894834161185969,-16.45489762539158,-5.253079889981621
9857,-10.546797918504364,-16.40627721645859,-17.08580531169641,-5.379160380328295
9858,-10.852063540796365,-16.979061967806665,-17.76619264440391,-5.5835846923086585
9859,-10.99997357233267,-17.58308895586132,-18.49574397590081,-5.839271462192653
9860,-10.898483233057457,-18.183982185436946,-19.2778397273343,-6.12000284898796
9861,-10.82482944783602,-18.786383426004207,-20.10779585138786,-6.475907058688791
9862,-11.064097750718275,-19.398749802040328,-20.97815314557575,-6.9469011117208765
9863,-11.395969845686922,-20.00700476158622,-21.89595513880241,-7.432332050674306
9864,-11.54381763944236,-20.592780898300646,-22.848172080787833,-7.819898652236083
9865,-11.615743981943062,-21.13275022445863,-23.799718641336096,-8.118564536369641
9866,-11.773690336536298,-21.612202636479537,-24.706614925139515,-8.364102231995965
9867,-12.055577413385699,-22.054979648495806,-25.542990633849083,-8.560793661542684
9868,-12.451075766813561,-22.492081961533607,-26.29872132349495,-8.713397075309443
9869,-12.76744784538742,-22.923702546784163,-27.004129225119385,-8.79432784664798
9870,-12.824371306594866,-23.34166291905146,-27.72044860903086,-8.788946739911768
9871,-12.819931140773063,-23.74735278834324,-28.472718090295103,-8.798012084941426
9872,-12.984066513610463,-24.138758150303435,-29.22458909923814,-8.912804678115489
9873,-13.164189425428924,-24.509540287106987,-29.917777782819567,-9.073822882232369
9874,-13.175615488290306,-24.85363992403168,-30.52410152206125,-9.187588396200429
9875,-13.09276126117934,-25.156717964582025,-31.04369318170013,-9.209989160787373
9876,-13.027605533272546,-25.412811757640405,-31.469801345506486,-9.125377278837485
9877,-13.06976978127135,-25.648604801248876,-31.793634000022777,-8.994390521515431
9878,-13.264333329147343,-25.89214389252433,-32.026123305259105,-8.886143533985257
9879,-13.388450723625606,-26.145296750600565,-32.20050461175302,-8.74819894779395
9880,-13.237278377881543,-26.39459737331154,-32.35991432792942,-8.522436154249338
9881,-13.061880756891448,-26.6091205225495,-32.54383021709463,-8.278681397025421
9882,-13.143343745510366,-26.76124153260031,-32.77730917170974,-8.09996451243203
9883,-13.345831420484403,-26.860175075153865,-33.05768022790242,-7.992910551956581
9884,-13.464194014826065,-26.931743639382294,-33.3647481683157,-7.942609298279524
9885,-13.44480767683231,-26.99011202647343,-33.67238285215357,-7.920132141426691
9886,-13.28920162663963,-27.049249350042913,-33.96213162902106,-7.894558383302769
9887,-13.170206012910304,-27.140328494469983,-34.219965167934255,-7.895283377540498
9888,-13.252483493535,-27.277041751496636,-34.45835917758837,-7.953504965031686
9889,-13.319112373006195,-27.415859552933284,-34.70119727066317,-8.009397832562998
9890,-13.140989583998284,-27.50652475674675,-34.97052094499622,-8.002366587757692
9891,-12.929913726765026,-27.54185152658802,-35.26088549109909,-7.973272297703928
9892,-12.937256541176003,-27.53402565522963,-35.55609965761654,-7.97265126354481
9893,-13.110352762009352,-27.50097050611852,-35.84528030027602,-7.9794304158360045
9894,-13.331853180985252,-27.465470395659857,-36.122161856512825,-7.966820453052305
9895,-13.488460827172776,-27.439812025088298,-36.39146781207428,-7.9321023853015715
9896,-13.496996200654351,-27.422864496600084,-36.66208951702176,-7.883114082864379
9897,-13.546486035355978,-27.411908202309185,-36.936795831708885,-7.880287478576852
9898,-13.82099996320494,-27.393089269117855,-37.21202184421073,-7.972021687149854
9899,-14.053883157162945,-27.318852335196375,-37.475696962534755,-8.073909315089844
9900,-13.966121519122071,-27.15928523652789,-37.711938185665375,-8.100257282256036
9901,-13.75061089709783,-26.952964176996538,-37.90873077857736,-8.123209906131251
9902,-13.655552608950073,-26.76018726057662,-38.058845831208096,-8.228473711520254
9903,-13.667256982698596,-26.636062269180506,-38.159140759451226,-8.395530010522892
9904,-13.708197954843985,-26.601484427150265,-38.21284178080646,-8.57446436548808
9905,-13.626217401309683,-26.59132115055816,-38.23353197552262,-8.695622284552728
9906,-13.302615484107463,-26.51100842684839,-38.23435628494853,-8.70719045986329
9907,-12.987542884924274,-26.299291714285797,-38.21398683687232,-8.687566231125544
9908,-12.937341896909208,-25.926973150964233,-38.16954570891549,-8.73158143083492
9909,-12.911214520873763,-25.409397499891153,-38.096046832155366,-8.789834619831632
9910,-12.628122388841415,-24.792236234483262,-37.99541070371023,-8.801884639712299
9911,-12.217975745362011,-24.12438743492148,-37.87082465597771,-8.825745881844842
9912,-11.869872998889921,-23.446452614729807,-37.715664902450186,-8.924099480799745
9913,-11.624567816503838,-22.775685680506754,-37.52170093897735,-9.099205957802534
9914,-11.477287254073037,-22.11521969680855,-37.28692864986165,-9.32333893942806
9915,-11.263297850642367,-21.463169200764696,-37.011777419264426,-9.506345306821483
9916,-10.888341392261612,-20.861789186972963,-36.72775592156244,-9.621859866849817
9917,-10.703190323272125,-20.422759339002614,-36.50124359420576,-9.775346162917614
9918,-11.067196239298111,-20.250274325901792,-36.368099366892196,-10.113952080959505
9919,-11.563823191296697,-20.28854135086266,-36.315159328160746,-10.563745737915333
9920,-11.673959245747023,-20.40716811477995,-36.311504994506386,-10.988647253388296
9921,-11.585980146828078,-20.501396536502522,-36.327773947556786,-11.39017871673117
9922,-11.640943501010016,-20.50163199848526,-36.34648176322103,-11.79900871500459
9923,-11.91658061053087,-20.42510075183599,-36.37029463319238,-12.20418758481737
9924,-12.41889901400637,-20.35896126772852,-36.607181188005114,-12.742462234856351
9925,-12.94494522014876,-20.2881284865186,-36.81065936524841,-13.20081564623936
9926,-13.236772902931046,-20.212608400578638,-36.98300359175841,-13.527512693728124
9927,-13.496294277141063,-20.140031826190356,-37.12475852170371,-13.770307349788629
9928,-13.995172246227783,-20.07482474432591,-37.23215633620606,-14.001732854239036
9929,-14.511603361351291,-20.030553217033354,-37.2874963301903,-14.208008587646987
9930,-14.759619243243232,-20.01914132684244,-37.281178720253735,-14.369280304503082
9931,-14.818185525864154,-20.02485632079119,-37.217416135908614,-14.537147468382239
9932,-14.862872939317617,-20.024108808841575,-37.123198367529895,-14.773488608011034
9933,-15.06350101848956,-20.012315851203997,-37.03014917255056,-15.13273499946857
9934,-15.543737282571863,-19.989827046860754,-36.95260799015254,-15.63849365843266
9935,-16.07395972934009,-19.947629147465673,-36.888860588727525,-16.189768549712284
9936,-16.36304200176416,-19.881453447442883,-36.82905213772307,-16.664501179927175
9937,-16.59324281754342,-19.799656102645933,-36.78242205065729,-17.093889733088613
9938,-17.0281407078883,-19.71718118760181,-36.76111209164933,-17.54604106933223
9939,-17.520372256499545,-19.656077359192032,-36.7639438414928,-17.979133002076185
9940,-17.855062306177384,-19.632036254686827,-36.78026564743303,-18.341519707588564
9941,-18.017882827846925,-19.63844456031177,-36.786429553282645,-18.645208001731316
9942,-18.05733944277914,-19.651291243762966,-36.754734294901375,-18.915707332839094
9943,-18.156467380475114,-19.63018330630986,-36.6659112966172,-19.20903707794927
9944,-18.48588927601063,-19.53538468397769,-36.51040458433811,-19.56183257124972
9945,-18.80021285638117,-19.357076607190997,-36.29658988711249,-19.85901279354695
9946,-18.79335688848096,-19.105463767548205,-36.036784312973666,-19.963824068222273
9947,-18.63813943142805,-18.787965133207646,-35.72182702625298,-19.912183231619725
9948,-18.603600983854562,-18.422877273479646,-35.33836449401021,-19.788549262676007
9949,-18.65206438183623,-18.058161223620818,-34.88930918454846,-19.592939117408374
9950,-18.675233179096494,-17.735362190077844,-34.384558176516556,-19.31797126772057
9951,-18.58301006067167,-17.455386456257237,-33.83696785205988,-18.972217413385792
9952,-18.306761974396288,-17.193126645505533,-33.26054223162966,-18.570787247319675
9953,-18.04423454156667,-16.901474274699748,-32.66324554430504,-18.210641232857597
9954,-18.019157062926862,-16.538593041578093,-32.047591819477105,-17.979029079845436
9955,-18.003750203976487,-16.108118286450676,-31.41060494540319,-17.780517611506998
9956,-17.709689284637843,-15.642546280358,-30.74850228632819,-17.487492928933815
9957,-17.317609138928773,-15.192077019354173,-30.06681808229737,-17.136060999972752
9958,-17.08512391379824,-14.798750324159785,-29.373141340789893,-16.80497099230375
9959,-16.98353363469373,-14.449881509416022,-28.669398185145408,-16.513884788980793
9960,-16.902944238099668,-14.108371235959504,-27.958591808671205,-16.268113952309786
9961,-16.65788276573861,-13.746828949474576,-27.238386611451578,-16.02918795892839
9962,-16.09861071170092,-13.351608409164529,-26.514058298231063,-15.752551923323367
9963,-15.506912493634209,-12.948869500369543,-25.83424518225822,-15.510411722277324
9964,-15.227781106071813,-12.576177287406137,-25.239735787941683,-15.383343957971034
9965,-15.076626098663755,-12.236745928198708,-24.726222169881343,-15.29659023777199
9966,-14.759482962991653,-11.918776090236241,-24.251708344012165,-15.146900206982547
9967,-14.336406720799804,-11.60385602562935,-23.780960117945554,-14.932645900264989
9968,-13.943958723051555,-11.277935959780914,-23.30592537675937,-14.687085148677792
9969,-13.672050535291827,-10.96912468593942,-22.834597963860027,-14.463814064117521
9970,-13.576684350622076,-10.713874489584933,-22.37352486013279,-14.316049688725624
9971,-13.424032120876529,-10.504974046576212,-21.911188848401434,-14.19045142039623
9972,-12.957297900990955,-10.31995699343358,-21.439421864799396,-14.01484783652461
9973,-12.431179584002326,-10.148200426418747,-20.962464152108037,-13.86261578184874
9974,-12.177944999798875,-9.978201285836445,-20.504354091953218,-13.819555529814968
9975,-12.015816914773533,-9.80123704673687,-20.0755713207388,-13.81205928803535
9976,-11.673637114580176,-9.610223693879256,-19.65631645097464,-13.734551159577208
9977,-11.192019309113961,-9.378886591374744,-19.217435329599883,-13.57068440796075
9978,-10.689922425358874,-9.084455424425926,-18.74516490964611,-13.327519129208202
9979,-10.32657249632488,-8.747788186605309,-18.232301214528814,-13.0212501144401
9980,-10.228097698893777,-8.39876528456408,-17.666903970000998,-12.670869073001574
9981,-10.138137630020237,-8.030394592178755,-17.044358821952663,-12.216299779379575
9982,-9.745318546654206,-7.630480725461996,-16.362979465850998,-11.598984775643704
9983,-9.23569125713339,-7.209485827408215,-15.605736952124074,-10.904621340538728
9984,-21.440721469688675,-31.89835597138344,-53.19803814914843,-18.04564020310109
9985,-22.10083895650083,-32.88589548351346,-54.7423493181452,-18.546241764879284
9986,-22.69447413694881,-33.891874937614396,-56.22403252916558,-19.05588463763832
9987,-23.091751013390628,-34.900353077571005,-57.63776875612098,-19.520606847186862
9988,-23.21274765045677,-35.86131957611634,-58.96648522842563,-19.88562019591969
9989,-23.28958514067433,-36.73724200666005,-60.205919339690425,-20.204404699229926
9990,-23.571476183284584,-37.532295495072866,-61.3681813796393,-20.539474257492195
9991,-23.897101642235278,-38.25692034952632,-62.46339268946128,-20.838787917904657
9992,-24.06219805491171,-38.9371294880699,-63.496942100731225,-21.047678194835346
9993,-24.195567687197535,-39.58971188122685,-64.4741252772508,-21.212375596703733
9994,-24.45302948461567,-40.22757735054503,-65.39549009498029,-21.388040520293202
9995,-24.82268137405562,-40.87637346542414,-66.24947665474772,-21.586183008708087
9996,-25.247671104458384,-41.54572035670816,-67.01791292728372,-21.79701372639769
9997,-25.573882693141588,-42.225420159711504,-67.69646157305083,-21.955417093248013
9998,-25.676947687866107,-42.88062859016249,-68.2964436034997,-22.003552209302306
9999,-25.758245265050864,-43.483242386087674,-68.82618326783121,-22.003497104238335
10000,-26.032807708639535,-44.02639098992729,-69.2847150456476,-22.032451403486547
10001,-26.327276668636006,-44.49896600266998,-69.66824911117939,-22.05946587274379
10002,-26.43255158937029,-44.900010113810005,-69.97135482692865,-22.044261869715108
10003,-26.418951128263288,-45.23106710697965,-70.19600494338127,-22.012038372748453
10004,-26.406715704178197,-45.50035626899322,-70.34851927906078,-21.999738742120776
10005,-26.48497715663404,-45.73269245277075,-70.4402039052924,-22.051915254087014
10006,-26.700903433076576,-45.94462436537643,-70.47579582506326,-22.196334634945277
10007,-26.858696339912473,-46.15413863387836,-70.45606984744096,-22.370356483610003
10008,-26.76495819118746,-46.342207957021586,-70.37005441214583,-22.499626399743015
10009,-26.62092887834368,-46.46652523537147,-70.19957418990516,-22.608443727641816
10010,-26.652724365658283,-46.48610712198953,-69.94593609362485,-22.731103902324744
10011,-26.707822914402822,-46.40461560639722,-69.63145316525737,-22.821575594611442
10012,-26.594842578850766,-46.24485356680205,-69.2595723728992,-22.834173532449277
10013,-26.322713763549626,-46.02786662796628,-68.80854309033666,-22.773508377271174
10014,-25.956398309800097,-45.77278103186647,-68.27200285154132,-22.657067855426043
10015,-25.66500112854947,-45.47800976395847,-67.66946691269173,-22.532983072996117
10016,-25.58030352689791,-45.14175023188131,-67.01282467313011,-22.430848533437242
10017,-25.459513756355026,-44.76900264759706,-66.29204587885663,-22.251552337645666
10018,-25.04470352596466,-44.375660688356334,-65.48545125593816,-21.898650714493634
10019,-24.530266674197232,-43.958194729345706,-64.57165413785538,-21.445485595624856
10020,-24.163609238786098,-43.48564093999848,-63.544023864372356,-20.99112801184233
10021,-23.87152441231697,-42.95187921257363,-62.40798867194215,-20.52870573936228
10022,-23.539243013222997,-42.358036643349855,-61.17625669413723,-20.03134486711877
10023,-23.14103097034755,-41.72336443206124,-59.858366972658175,-19.4824773069941
10024,-22.675488519079067,-41.061394140749975,-58.458996502792296,-18.871409161023465
10025,-22.313041348070513,-40.37427432370934,-56.98279258791942,-18.258714441495627
10026,-22.18015108014223,-39.63213567118519,-55.43389574010747,-17.702042348242244
10027,-21.958839852301097,-38.798895372924186,-53.80633153761031,-17.12907252745438
10028,-21.322781766125555,-37.84722215963738,-52.08445986893501,-16.464632926985033
10029,-20.447886314629418,-36.79003606644074,-50.25310362110692,-15.772669964038082
10030,-19.59051089329812,-35.658811328138015,-48.30759624107576,-15.131245958024078
10031,-18.742385217614203,-34.486374344972724,-46.249048831640515,-14.536960155915162
10032,-17.841667845949853,-33.292395780868446,-44.085676119380565,-13.959422606093517
10033,-16.78614650799682,-32.05706145840644,-41.82442685741742,-13.336333611439676
10034,-15.494836176796927,-30.746130267973854,-39.467813166690625,-12.609889689350654
10035,-14.192228599118858,-29.340982206693855,-37.00949371760438,-11.827571109380042
10036,-13.098417229032389,-27.836043872502163,-34.43188723212414,-11.048847423709386
10037,-11.971737833983624,-26.24092163570567,-31.71285238741091,-10.208657584554526
10038,-10.550905872265542,-24.578823307117894,-28.867761526950833,-9.24465070390845
10039,-9.00680327343097,-22.87870543416289,-25.9529595949777,-8.22953807823314
10040,-7.574112267947792,-21.163676576362352,-23.009534626946653,-7.2470419521328235
10041,-6.312684395348202,-19.44045033657472,-20.040768270195056,-6.2987788375670215
10042,-5.208840344232996,-17.694857663261264,-17.036061694430614,-5.359243217964789
10043,-4.073714388551515,-15.915426850108293,-13.988325084568153,-4.375154886034837
10044,-2.795484370630243,-14.159675980207119,-11.009191214897568,-3.3518405409208714
10045,-1.6475331014636665,-12.56944392508187,-8.332022229229842,-2.418088657189829
10046,-0.9414467346630055,-11.224903642954702,-6.044009789907637,-1.7155730119196588
10047,-0.2919554430420759,-10.067493433263415,-4.046690874660925,-1.1143159197283954
10048,0.770091185965207,-8.990821262021525,-2.226491285493165,-0.4182362464888376
10049,2.0306509053961843,-7.907800100139767,-0.5037754206856933,0.3734607692033126
10050,3.1452600924136975,-6.772599190107538,1.1731399163227014,1.2061077817182715
10051,4.092107408629423,-5.615103420420335,2.8242712646304495,2.058734882433748
10052,4.9359455436735304,-4.351040652316728,4.931950844461247,2.9433275633523985
10053,5.771218835156264,-3.161966211287007,6.9536332151438,3.8802266578385747
10054,6.746072368996011,-2.048316789365612,8.882871459420567,4.925737887785525
10055,7.6577497767455815,-0.9946488702630705,10.732483298189614,5.939220094227223
10056,8.265773351520364,0.031054887423795946,12.510120001338555,6.759767354546162
10057,8.756040600646376,1.0496115487949733,14.20950466570185,7.441318938572328
10058,9.389344994474827,2.069910550474493,15.825753305547764,8.10045874063966
10059,10.132671012128494,3.0902940524738267,17.363420781476762,8.776810188036789
10060,10.875505013918621,4.100147304337569,18.839777268156748,9.48559972667488
10061,11.517210282662782,5.090085504259249,20.27351397826888,10.189843662122856
10062,11.975819802063134,6.051582964608783,21.664851174273878,10.833620793818042
10063,12.422571265634927,6.9708159764160476,22.995380850280057,11.473563964949767
10064,13.056081356943833,7.836500094061449,24.246070124081317,12.177336641897131
10065,13.65454948773577,8.655738633760713,25.412254097540895,12.851545794451678
10066,13.946853807730283,9.436318869902152,26.501338903244157,13.391030868721973
10067,14.100688890278061,10.157492183894092,27.52650646034539,13.848142009206367
10068,14.367144843974978,10.802755047521506,28.50320252334503,14.312067965517981
10069,14.769705444758884,11.366508773211853,29.437183887486206,14.832499678041998
10070,15.246920325319795,11.866983925185561,30.322781245510626,15.418653960210769
10071,15.606683830402853,12.341555366129343,31.135500644224884,15.945303471424987
10072,15.65684634281503,12.80066633905536,31.83450310488143,16.26412580499776
10073,15.570832169899827,13.226824678518785,32.4036797880791,16.405545712813986
10074,15.600187313168743,13.589639309016023,32.85303559979998,16.45833120865634
10075,15.63080406792849,13.891249195648395,33.21946188142191,16.41197771644224
10076,15.485061801157512,14.141875245925966,33.554954209555625,16.256548472765527
10077,15.234465682966029,14.355301919226475,33.87618742048729,16.05966189536463
10078,14.992808675356113,14.540857278521477,34.15695447807343,15.894542757663785
10079,14.829892291509134,14.722098108047179,34.37603538799651,15.819121441009877
10080,14.780951267513341,14.940354804165302,34.547324531020266,15.85938123108532
10081,14.656929478146564,15.194751449255154,34.70423530642415,15.931108109553938
10082,14.260869305097584,15.41399834882605,34.861001259559906,15.928094866975119
10083,13.805894689337913,15.520739752012307,34.99797027194763,15.868862302857572
10084,13.571536943832053,15.496842483188676,35.08021293589659,15.806419246105797
10085,13.45366214142101,15.389427012878686,35.08245606602592,15.716760391955996
10086,13.264097689437328,15.271877867325838,34.999410342277194,15.572908540457991
10087,12.979868024083812,15.19690962977026,34.83766976535728,15.395857267952344
10088,12.630537770592756,15.16987204208778,34.61031814681507,15.219180913848954
10089,12.364035394958279,15.170382157663875,34.34332072992251,15.09513750528093
10090,12.330265128815912,15.189967097083256,34.07877216064155,15.066998241205326
10091,12.35257659633393,15.238367698464447,33.84890577692873,15.095930691285764
10092,12.19824204891866,15.304368776789758,33.644138398061735,15.11914537785731
10093,11.998858200966698,15.346700691211396,33.41708192124752,15.1452500007119
10094,11.946635291698335,15.337992921893015,33.116642997803424,15.189315192562024
10095,11.961044904561566,15.266289928014046,32.7167698058528,15.20286561610529
10096,11.914217856936252,15.13299691589271,32.218465353061184,15.135413462110265
10097,11.757781350609747,14.939647838951439,31.635935755662423,14.95965189002104
10098,11.483021056388695,14.692089967172016,30.993999816191483,14.679284508348125
10099,11.273283352103284,14.399814281453043,30.329042141532696,14.405925029100096
10100,11.315016252687773,14.074239855228955,29.675480887671156,14.253245896166984
10101,11.391872185901876,13.734125998289805,29.065687524019424,14.15638114442283
10102,11.227341048674205,13.398937061882275,28.51414288014166,14.006806323775079
10103,10.970987983915878,13.070849271182732,28.00123749782331,13.817909511850015
10104,10.847268165414798,12.756578614603358,27.49198186011229,13.633110507571308
10105,10.812989389243548,12.461665955862786,26.96641456251535,13.469861986850582
10106,10.754311882644513,12.203532115273676,26.425910640310565,13.337438147149227
10107,10.52537874806788,11.97492779788032,25.867032634797084,13.183900786694956
10108,10.010643875200206,11.729568358766995,25.27278917063371,12.947184162761395
10109,9.416769472549566,11.426367037903297,24.637134100601262,12.67273023333554
10110,9.007203046112847,11.06274672198837,23.970906277928815,12.42439562013254
10111,8.643786136022046,10.643099127210887,23.284764299435725,12.152504542046842
10112,-10.93102098926731,-23.01620971604602,-17.93883718706348,-7.0234644560528094
10113,-11.167905198784354,-23.651585599193464,-18.35546556605714,-7.075349809961184
10114,-11.37693017855208,-24.27879359843802,-18.7881336395205,-7.145292515702376
10115,-11.46742513986101,-24.87400196628141,-19.218245709522304,-7.18278111145884
10116,-11.381765104037656,-25.427005449905945,-19.63052531924864,-7.137793184091218
10117,-11.31057489732119,-25.937684364671068,-20.016041529110375,-7.037943064115783
10118,-11.444526796773072,-26.406370581143698,-20.365381205174288,-6.929731200091611
10119,-11.569193358054152,-26.830363289683973,-20.657462344252284,-6.781374440825222
10120,-11.451792918848888,-27.217984269389053,-20.87295764859104,-6.572016192680573
10121,-11.282476268196305,-27.58565248533207,-21.026493291992097,-6.392218069345391
10122,-11.28087676420914,-27.944450430557204,-21.161892457513467,-6.32662682988601
10123,-11.377817400172647,-28.277817304850075,-21.298117444597683,-6.358506657531139
10124,-11.447112237738285,-28.561347062098537,-21.446289586119303,-6.433785294877547
10125,-11.356934631259353,-28.786347674559916,-21.61864574296731,-6.469993389074627
10126,-11.02896290603989,-28.951623807687188,-21.80177860383207,-6.401720126435243
10127,-10.706337151749795,-29.058323009259045,-21.956804297421492,-6.300112553726687
10128,-10.638435902362316,-29.120427512580747,-22.032660885240247,-6.250424080567003
10129,-10.630108971525722,-29.18199394904822,-21.998787084884622,-6.177952748687618
10130,-10.439684227915672,-29.2913612363861,-21.870288772229497,-6.004527674146588
10131,-10.167024672788582,-29.44439999776905,-21.688131514910623,-5.79704123894042
10132,-9.965612855447871,-29.58993345248124,-21.480952863560915,-5.642151412488788
10133,-9.901866905180642,-29.67405581144213,-21.25450840883447,-5.582581999901944
10134,-9.996941461608907,-29.656757766519704,-21.009572381413,-5.623909662908729
10135,-10.057211859619759,-29.529565299292685,-20.757953713277235,-5.661582637862912
10136,-9.897855679437427,-29.313204094948414,-20.52511738567844,-5.586476640625971
10137,-9.750015931717929,-29.038879028416524,-20.310437125507704,-5.449121557083811
10138,-9.855131834571045,-28.740945690396337,-20.101445537573724,-5.329448572144105
10139,-9.99031854813273,-28.455362555227616,-19.868862816478725,-5.199283982009328
10140,-9.892708025971757,-28.19216360048393,-19.586132801868338,-5.024552830060899
10141,-9.597710875805403,-27.93201393668165,-19.233979592691448,-4.823741889006315
10142,-9.222972317638407,-27.63713028007631,-18.823323744131283,-4.626161199692812
10143,-8.954860291299266,-27.27449767070388,-18.379390416674088,-4.492944952400301
10144,-8.937658031300757,-26.856887480717617,-17.92965267010723,-4.466719540420007
10145,-8.940490144325867,-26.434416602462896,-17.480730435364194,-4.471791354004179
10146,-8.703888158070868,-26.01328264352709,-17.027168395857185,-4.42004043022155
10147,-8.419720426076365,-25.544913661596205,-16.550845319419878,-4.329364686990319
10148,-8.318834548983785,-25.014623203255965,-16.0430440355683,-4.238870858199954
10149,-8.274388419431444,-24.462515650547818,-15.507206773838595,-4.159574677444455
10150,-8.118043434896869,-23.919479011248516,-14.964679594878946,-4.086181936377273
10151,-7.80751531761257,-23.36512931939927,-14.410099895966686,-3.9456682958294396
10152,-7.3490660964909225,-22.74917184734492,-13.801383373350982,-3.6682860138990967
10153,-6.9372270055382215,-22.047053119823588,-13.124692991749551,-3.3161424695805244
10154,-6.736165430693489,-21.269836640606393,-12.376501462792259,-2.9641600790411293
10155,-6.46570031306463,-20.423870260384938,-11.564847158955292,-2.5507930818422424
10156,-5.829705541015317,-19.498998902361745,-10.719095249206582,-2.0122157371149214
10157,-5.029192632713325,-18.52124476004271,-9.901637272400874,-1.4122181246567092
10158,-4.330244751984844,-17.56207429483062,-9.164567469984704,-0.8284452415096553
10159,-3.698077303716859,-16.66382038217728,-8.502193162117441,-0.27077140185895116
10160,-3.0458262841673345,-15.810989857965769,-7.882295420758311,0.2646561256924043
10161,-2.2954515566611042,-14.96388782838119,-7.273308901544639,0.793590627970011
10162,-1.3974852937200404,-14.081476513803205,-6.645509199133039,1.329298689254458
10163,-0.5746023510442818,-13.137419615974474,-5.986478342464774,1.8109040391111146
10164,-0.03288446333890144,-12.116974710194938,-5.296275275782486,2.1870567439715964
10165,0.48862760257242016,-11.014191491127704,-4.5747936014181105,2.5339079346768765
10166,1.2785102169223113,-9.821383776734484,-3.825622810834184,2.9370764062677526
10167,2.1804085586599897,-8.5487307753476,-3.053174769853227,3.3807208073744675
10168,2.9760233156495293,-7.214234986221591,-2.2621127458293406,3.8209044275054693
10169,3.65478250961775,-5.841596074830805,-1.468711274706616,4.2140456508475825
10170,4.258042003446598,-4.454997603283758,-0.6818767925126505,4.5287314922060204
10171,4.936407888687944,-3.0769927229399134,0.12522713499196542,4.819366724485856
10172,5.697505328724587,-1.7835344171772265,0.9077373186666273,5.098377023823605
10173,6.234184567855622,-0.6961757399991241,1.5284302075216443,5.26880720951475
10174,6.181747229243631,0.14708833974160945,1.923518174828358,5.223505320341104
10175,5.964941377689263,0.8074318220207524,2.168857213393308,5.186245023603541
10176,6.121202147053093,1.358943837326987,2.365526447675125,5.406872878469613
10177,6.450439853520454,1.8335967092975973,2.57517995202417,5.753344311427125
10178,6.613531374436043,2.242204600828127,2.8165654711026806,6.016563266049545
10179,6.646927441920213,2.5964571258058284,3.0927751784629587,6.1811868506191745
10180,6.516456087840518,3.0581507667011576,3.5405853672283185,6.163509585078572
10181,6.489727141835848,3.5357515424400128,3.9980210162743095,6.138225723962497
10182,6.685097536592285,4.032090282812967,4.466631097917509,6.180975369177207
10183,6.877294419967986,4.521001119804331,4.9223134650169955,6.220936345091003
10184,6.796757800767468,4.972241199018247,5.341794327564905,6.162717419552472
10185,6.614691604094493,5.371211413281834,5.715435908102009,6.053741926985946
10186,6.585889218343321,5.718596807516391,6.058544813925392,5.971138717415043
10187,6.646830518024066,6.03940651620967,6.390833813077921,5.917505386839082
10188,6.664787740257022,6.378588136149673,6.734146296865752,5.876127867919841
10189,6.565939942392059,6.7551356661652955,7.096232806891117,5.822321154819008
10190,6.311016446582165,7.146336447357795,7.4723014621251025,5.72582490223445
10191,6.101996995191716,7.498993919418546,7.848272517933738,5.609294074870773
10192,6.153311315321802,7.755691473628677,8.206073069050548,5.505367677235282
10193,6.225287672373536,7.906701209554175,8.535675694503983,5.364482553932127
10194,6.009686240404654,8.002198542905546,8.831667031600741,5.13702909087653
10195,5.653881133137426,8.106584804104223,9.086099263774111,4.885138638418826
10196,5.397341471490649,8.252880480642574,9.295353176316745,4.689037418154558
10197,5.23353622285175,8.440882753252106,9.462025706861413,4.5566183731205685
10198,5.0958243539719925,8.655539951194783,9.593175146911417,4.468976628765792
10199,4.865041183865675,8.86721504161377,9.707682575332967,4.374174573866347
10200,4.435973160552699,9.044742030078938,9.815269261916315,4.2210962564467875
10201,4.030201450668132,9.160897902026404,9.911144879418341,4.0833659181977735
10202,3.9025824006322374,9.202329163729582,9.970111103153407,4.039484943401475
10203,3.8463399554349356,9.174721537125532,9.964057087953856,3.9735666722423026
10204,3.5737445903329985,9.100431833745727,9.888832245335195,3.742881894604714
10205,3.162817856063612,9.016199395831466,9.764683913899232,3.3673765221741956
10206,2.7775206195789104,8.954700800579388,9.612835145053701,2.9229884701964686
10207,2.4846407433935176,8.929593799743683,9.45894308754345,2.4826442269820874
10208,2.3129174899126608,8.930487644024884,9.314000540297407,2.1083811030677433
10209,2.1053838616338396,8.909377881557074,9.177086744847752,1.756860485505299
10210,1.6827990685370289,8.819048930022898,9.024185215152773,1.352630164343496
10211,1.225071113323767,8.644052841965655,8.831880524845195,0.9311149920656985
10212,0.9652577028644235,8.408977834500915,8.584138778090674,0.5511943405091669
10213,0.746716394982945,8.17697594396553,8.298767682591501,0.18183143625163725
10214,0.3558034144201973,8.00583860520076,8.002248340473036,-0.21012593066611918
10215,-0.1439600795400914,7.914070456656779,7.715495886291095,-0.5815645566948998
10216,-0.6193435916756629,7.86963656130179,7.443745892954603,-0.8797784731278183
10217,-0.9381058482068532,7.814704563915585,7.197641457217286,-1.068683234301927
10218,-1.0046378584819222,7.718301555587884,7.000225121654348,-1.138299255634534
10219,-1.018993351777451,7.58760748370088,6.8575725549350945,-1.1836925803091396
10220,-1.2223965142598878,7.435835641475159,6.754038191817653,-1.3037239692934413
10221,-1.4360551842711937,7.270556519397079,6.658526258006861,-1.4331003750996016
10222,-1.4131505778948323,7.093995014629058,6.544653137425598,-1.4676947409905556
10223,-1.2732157482342121,6.910517379379042,6.403554598548028,-1.4041927986902807
10224,-1.208929567752907,6.72043783126726,6.25554150657619,-1.2773255366661596
10225,-1.2745382185531253,6.520976088290061,6.126883255524334,-1.1488511564542556
10226,-1.4683939875829517,6.307453910093636,6.023752450323343,-1.084929443354142
10227,-1.6090695647986948,6.070548042971488,5.92927708594467,-1.050532168107793
10228,-1.5079587172437865,5.807322361926611,5.821287198318259,-0.9876801151100014
10229,-1.3790394768190821,5.5209061560419626,5.683648054832829,-0.9612671672713561
10230,-1.4985194757075753,5.230301288112208,5.5056868958530645,-1.0433739580645007
10231,-1.7099168691610447,4.965561108557031,5.299586252745671,-1.1694838927798894
10232,-1.7757085605173646,4.752602354640014,5.1043857315078585,-1.2510046974618045
10233,-1.7312512034985708,4.583908023792577,4.95027305444263,-1.2757861760168208
10234,-1.676910247587477,4.439776858371965,4.839350417864695,-1.2627701789654684
10235,-1.7119994433790413,4.299006048186989,4.759143562827505,-1.261613292406878
10236,-1.916457215862773,4.151269004366232,4.698053107195143,-1.330171741108011
10237,-2.112348708547366,3.9953965807697167,4.649003082458833,-1.4513069600612682
10238,-2.089631611536412,3.8305797832238913,4.602961792624284,-1.5834610350551674
10239,-2.0437514086644475,3.652654894052735,4.536570354073507,-1.762501072792766
